tree
version=v4
num_class=1
num_tree_per_iteration=1
label_index=0
max_feature_idx=1
objective=quantile
feature_names=Column_0 Column_1
feature_infos=[11.632316900088441:77.363263006161432] [10.857343076135722:77.947987060118962]
tree_sizes=704 742 740 737 741 735 737 825 825 825 825 741 741 740 741 743 743 746 746 745 742 747 826 750 750 751 750 750 752 747 748 751 751 743 752 752 753 749 750 755 753 754 830 832 581 833 830 833 915 915 917 832 831 832 834 835 835 837 834 835 835 837 834 840 840 841 838 841 840 840 840 842 753 834 1006 833 1007 835 1006 581 580 668 584 584 583 584 748 837 913 668 673 675 844 668 585 839 834 845 913 844 838 841 841 841 586 588 1084 839 1010 1011 674 843 997 840 676 1001 845 924 1003 846

Tree=0
num_leaves=7
num_cat=0
split_feature=0 1 0 1 0 1
split_gain=4.56034 0.936325 0.358102 0.493448 0.0592311 0.14997
threshold=26.084107651219067 22.845373838859633 22.494866048268353 24.488252441214765 21.306266827528386 20.422406261910265
decision_type=2 2 2 2 2 2
left_child=1 4 -3 -4 5 -1
right_child=-2 2 3 -5 -6 -7
leaf_value=35.27600628522913 38.020279590372937 36.5405645708287 35.608201498419831 36.294805347879468 35.349555737879776 35.950569332949769
leaf_weight=472 30 37 78 62 120 101
leaf_count=472 30 37 78 62 120 101
internal_value=35.7444 35.7437 35.7469 35.7458 35.7429 35.7431
internal_weight=900 870 177 140 693 573
internal_count=900 870 177 140 693 573
is_linear=0
shrinkage=1


Tree=1
num_leaves=7
num_cat=0
split_feature=0 1 0 1 0 1
split_gain=3.11207 0.871181 0.358102 0.493448 0.077363 0.121529
threshold=26.084107651219067 22.845373838859633 22.494866048268353 24.488252441214765 21.306266827528386 20.422406261910265
decision_type=2 2 2 2 2 2
left_child=1 4 -3 -4 5 -1
right_child=-2 2 3 -5 -6 -7
leaf_value=-0.44493056467685793 2.1621290752097559 0.75639980664273487 -0.12934511214569469 0.52292854484096452 -0.37505858465874592 0.19590433065775203
leaf_weight=472 30 37 78 62 120 101
leaf_count=472 30 37 78 62 120 101
internal_value=-5.96046e-10 -0.000545978 0.00258475 0.00142857 -0.0013456 -0.00110384
internal_weight=900 870 177 140 693 573
internal_count=900 870 177 140 693 573
is_linear=0
shrinkage=0.05


Tree=2
num_leaves=7
num_cat=0
split_feature=0 1 0 1 0 1
split_gain=3.11207 0.863407 0.340374 0.434648 0.0961709 0.108429
threshold=26.084107651219067 23.007105512437473 22.700751341372676 25.20754898072018 21.306266827528386 20.422406261910265
decision_type=2 2 2 2 2 2
left_child=1 4 -3 -4 5 -1
right_child=-2 2 3 -5 -6 -7
leaf_value=-0.42268403644301494 2.0540226214492683 0.71857981631059831 -0.085777013967809179 0.52446148332352782 -0.34830362695249201 0.18610911412486431
leaf_weight=472 30 37 91 34 135 101
leaf_count=472 30 37 91 34 135 101
internal_value=-5.96046e-10 -0.000545978 0.00274691 0.0015 -0.00129944 -0.00101658
internal_weight=900 870 162 125 708 573
internal_count=900 870 162 125 708 573
is_linear=0
shrinkage=0.05


Tree=3
num_leaves=7
num_cat=0
split_feature=0 1 0 1 0 0
split_gain=3.06854 0.804182 0.340374 0.434648 0.12013 0.158969
threshold=26.084107651219067 23.007105512437473 22.700751341372676 25.20754898072018 21.306266827528386 19.89452682039321
decision_type=2 2 2 2 2 2
left_child=1 4 -3 -4 5 -1
right_child=-2 2 3 -5 -6 -7
leaf_value=-0.40465907982788391 1.9513214903768046 0.68265082549506817 -0.081488163269418837 0.49823840915735151 -0.33088844560486735 0.014696685665892419
leaf_weight=427 30 37 91 34 135 146
leaf_count=427 30 37 91 34 135 146
internal_value=0.000111111 -0.000431035 0.00274691 0.0015 -0.00115819 -0.00084206
internal_weight=900 870 162 125 708 573
internal_count=900 870 162 125 708 573
is_linear=0
shrinkage=0.05


Tree=4
num_leaves=7
num_cat=0
split_feature=0 1 0 1 0 0
split_gain=3.0469 0.777869 0.358102 0.493448 0.109094 0.158969
threshold=26.084107651219067 22.845373838859633 22.494866048268353 24.488252441214765 21.306266827528386 19.89452682039321
decision_type=2 2 2 2 2 2
left_child=1 4 -3 -4 5 -1
right_child=-2 2 3 -5 -6 -7
leaf_value=-0.38442612583648955 1.8537554158579643 0.64851828422031488 -0.11451459767654876 0.44781127229276518 -0.32234605179794046 0.013961851382597958
leaf_weight=427 30 37 78 62 120 146
leaf_count=427 30 37 78 62 120 146
internal_value=0.000166666 -0.000373564 0.00258475 0.00142857 -0.00112915 -0.00084206
internal_weight=900 870 177 140 693 573
internal_count=900 870 177 140 693 573
is_linear=0
shrinkage=0.05


Tree=5
num_leaves=7
num_cat=0
split_feature=0 1 0 1 0 0
split_gain=3.0469 0.775359 0.340374 0.434648 0.133109 0.140087
threshold=26.084107651219067 23.007105512437473 22.700751341372676 25.20754898072018 21.306266827528386 19.89452682039321
decision_type=2 2 2 2 2 2
left_child=1 4 -3 -4 5 -1
right_child=-2 2 3 -5 -6 -7
leaf_value=-0.36520481954466499 1.7610676450650662 0.61609237000929906 -0.071688025222120547 0.45093592508484548 -0.30495194710462137 0.01326375881346813
leaf_weight=427 30 37 91 34 135 146
leaf_count=427 30 37 91 34 135 146
internal_value=0.000166666 -0.000373564 0.00274691 0.0015 -0.00108757 -0.0007548
internal_weight=900 870 162 125 708 573
internal_count=900 870 162 125 708 573
is_linear=0
shrinkage=0.05


Tree=6
num_leaves=7
num_cat=0
split_feature=0 1 0 1 0 0
split_gain=2.4331 0.747062 0.340374 0.434648 0.146752 0.122398
threshold=26.084107651219067 23.007105512437473 22.700751341372676 25.20754898072018 21.306266827528386 19.89452682039321
decision_type=2 2 2 2 2 2
left_child=1 4 -3 -4 5 -1
right_child=-2 2 3 -5 -6 -7
leaf_value=-0.34694457856743172 1.6730142628118128 0.58528775150883416 -0.068103623961014395 0.42838912883060304 -0.28970434974939041 0.012600570872794849
leaf_weight=427 30 37 91 34 135 146
leaf_count=427 30 37 91 34 135 146
internal_value=0.000166666 -0.000316093 0.00274691 0.0015 -0.00101695 -0.00066754
internal_weight=900 870 162 125 708 573
internal_count=900 870 162 125 708 573
is_linear=0
shrinkage=0.05


Tree=7
num_leaves=8
num_cat=0
split_feature=0 1 0 1 0 0 1
split_gain=2.41383 0.719291 0.340374 0.434648 0.0934251 0.122398 0.0259259
threshold=26.084107651219067 23.007105512437473 22.700751341372676 25.20754898072018 21.306266827528386 19.89452682039321 22.674892443789158
decision_type=2 2 2 2 2 2 2
left_child=1 4 -3 -4 5 -1 -6
right_child=-2 2 3 -5 6 -7 -8
leaf_value=-0.32959734963906018 1.5893635496712222 0.55602336393339236 -0.064698442762963645 0.40696967238907295 -0.29607600013297564 0.011970542329155266 -0.20934651989821554
leaf_weight=427 30 37 91 34 105 146 30
leaf_count=427 30 37 91 34 105 146 30
internal_value=0.000222222 -0.000258621 0.00274691 0.0015 -0.000946328 -0.00066754 -0.00212963
internal_weight=900 870 162 125 708 573 135
internal_count=900 870 162 125 708 573 135
is_linear=0
shrinkage=0.05


Tree=8
num_leaves=8
num_cat=0
split_feature=0 1 0 1 0 0 1
split_gain=2.41383 0.719291 0.340374 0.434648 0.0934251 0.122398 0.0259259
threshold=26.084107651219067 23.007105512437473 22.700751341372676 25.20754898072018 21.306266827528386 19.89452682039321 22.674892443789158
decision_type=2 2 2 2 2 2 2
left_child=1 4 -3 -4 5 -1 -6
right_child=-2 2 3 -5 6 -7 -8
leaf_value=-0.31311748215710722 1.5098953721876613 0.52822219573672269 -0.061463520624815617 0.38662118876961921 -0.28127220012632675 0.011372015212697663 -0.19887919390330461
leaf_weight=427 30 37 91 34 105 146 30
leaf_count=427 30 37 91 34 105 146 30
internal_value=0.000222222 -0.000258621 0.00274691 0.0015 -0.000946328 -0.00066754 -0.00212963
internal_weight=900 870 162 125 708 573 135
internal_count=900 870 162 125 708 573 135
is_linear=0
shrinkage=0.05


Tree=9
num_leaves=8
num_cat=0
split_feature=0 1 0 1 0 0 1
split_gain=2.39464 0.692045 0.340374 0.434648 0.104909 0.117863 0.0259259
threshold=26.084107651219067 23.007105512437473 22.700751341372676 25.20754898072018 21.306266827528386 17.373472005261267 22.674892443789158
decision_type=2 2 2 2 2 2 2
left_child=1 4 -3 -4 5 -1 -6
right_child=-2 2 3 -5 6 -7 -8
leaf_value=-0.43325949723381357 1.4344006035782781 0.50181108594988655 -0.058390344593574998 0.36729012933113836 -0.26720859012001058 -0.092332120881251714 -0.18893523420813951
leaf_weight=207 30 37 91 34 105 366 30
leaf_count=207 30 37 91 34 105 366 30
internal_value=0.000277777 -0.00020115 0.00274691 0.0015 -0.000875707 -0.00058028 -0.00212963
internal_weight=900 870 162 125 708 573 135
internal_count=900 870 162 125 708 573 135
is_linear=0
shrinkage=0.05


Tree=10
num_leaves=8
num_cat=0
split_feature=0 1 0 1 0 0 1
split_gain=2.39464 0.692045 0.340374 0.434648 0.104909 0.117863 0.0259259
threshold=26.084107651219067 23.007105512437473 22.700751341372676 25.20754898072018 21.306266827528386 17.373472005261267 22.674892443789158
decision_type=2 2 2 2 2 2 2
left_child=1 4 -3 -4 5 -1 -6
right_child=-2 2 3 -5 6 -7 -8
leaf_value=-0.41159652237212296 1.3626805733993643 0.47672053165239209 -0.055470827363896191 0.34892562286458145 -0.25384816061400989 -0.08771551483718909 -0.17948847249773259
leaf_weight=207 30 37 91 34 105 366 30
leaf_count=207 30 37 91 34 105 366 30
internal_value=0.000277777 -0.00020115 0.00274691 0.0015 -0.000875707 -0.00058028 -0.00212963
internal_weight=900 870 162 125 708 573 135
internal_count=900 870 162 125 708 573 135
is_linear=0
shrinkage=0.05


Tree=11
num_leaves=7
num_cat=0
split_feature=0 1 0 1 0 1
split_gain=2.37552 0.665326 0.340374 0.434648 0.0864407 0.0983089
threshold=26.084107651219067 23.007105512437473 22.700751341372676 25.20754898072018 15.362763664702124 21.775332762794523
decision_type=2 2 2 2 2 2
left_child=1 4 -3 -4 -1 -6
right_child=-2 2 3 -5 5 -7
leaf_value=-0.50473062282557457 1.294546544729396 0.45288450506977257 -0.052697285995701296 0.33147934172135224 -0.21990656198917052 -0.22478401563232248
leaf_weight=68 30 37 91 34 535 105
leaf_count=68 30 37 91 34 535 105
internal_value=0.000333333 -0.000143679 0.00274691 0.0015 -0.000805085 -0.000625001
internal_weight=900 870 162 125 708 640
internal_count=900 870 162 125 708 640
is_linear=0
shrinkage=0.05


Tree=12
num_leaves=7
num_cat=0
split_feature=0 1 0 1 0 1
split_gain=2.37552 0.665326 0.340374 0.434648 0.0864407 0.0983089
threshold=26.084107651219067 23.007105512437473 22.700751341372676 25.20754898072018 15.362763664702124 21.775332762794523
decision_type=2 2 2 2 2 2
left_child=1 4 -3 -4 -1 -6
right_child=-2 2 3 -5 5 -7
leaf_value=-0.4794940916842958 1.2298192174929263 0.43024027981628382 -0.050062421695916376 0.31490537463528451 -0.20891123388971203 -0.21354481485070631
leaf_weight=68 30 37 91 34 535 105
leaf_count=68 30 37 91 34 535 105
internal_value=0.000333333 -0.000143679 0.00274691 0.0015 -0.000805085 -0.000625001
internal_weight=900 870 162 125 708 640
internal_count=900 870 162 125 708 640
is_linear=0
shrinkage=0.05


Tree=13
num_leaves=7
num_cat=0
split_feature=0 1 0 1 1 0
split_gain=2.39464 0.557036 0.247945 0.365697 0.113933 0.111631
threshold=26.084107651219067 22.845373838859633 24.754131024647325 24.488252441214765 21.775332762794523 17.373472005261267
decision_type=2 2 2 2 2 2
left_child=1 4 3 -3 5 -1
right_child=-2 2 -4 -5 -6 -7
leaf_value=-0.36957580645957278 1.16832825661828 0.22070226903980156 -0.33098067054780894 0.43143506658986502 -0.20655876790967193 -0.033531302663375027
leaf_weight=207 30 97 39 41 90 396
leaf_count=207 30 97 39 41 90 396
internal_value=0.000277777 -0.00020115 0.00230226 0.0032971 -0.000840549 -0.00059287
internal_weight=900 870 177 138 693 603
internal_count=900 870 177 138 693 603
is_linear=0
shrinkage=0.05


Tree=14
num_leaves=7
num_cat=0
split_feature=0 1 0 1 1 0
split_gain=2.39464 0.557036 0.247945 0.365697 0.113933 0.111631
threshold=26.084107651219067 22.845373838859633 24.754131024647325 24.488252441214765 21.775332762794523 17.373472005261267
decision_type=2 2 2 2 2 2
left_child=1 4 3 -3 5 -1
right_child=-2 2 -4 -5 -6 -7
leaf_value=-0.35109701613659416 1.1099118437873661 0.20966715558781132 -0.31443163702041849 0.4098633132603719 -0.19623082951418827 -0.031854737530206352
leaf_weight=207 30 97 39 41 90 396
leaf_count=207 30 97 39 41 90 396
internal_value=0.000277777 -0.00020115 0.00230226 0.0032971 -0.000840549 -0.00059287
internal_weight=900 870 177 138 693 603
internal_count=900 870 177 138 693 603
is_linear=0
shrinkage=0.05


Tree=15
num_leaves=7
num_cat=0
split_feature=0 1 0 1 1 0
split_gain=2.41383 0.4614 0.240931 0.369254 0.113933 0.111631
threshold=26.084107651219067 22.845373838859633 22.494866048268353 24.488252441214765 21.775332762794523 17.373472005261267
decision_type=2 2 2 2 2 2
left_child=1 4 -3 -4 5 -1
right_child=-2 2 3 -5 -6 -7
leaf_value=-0.33354216532976438 1.0544162515979978 0.38720979459408905 -0.099179507921257945 0.30666096011282939 -0.18641928803847885 -0.030262000653696015
leaf_weight=207 30 37 78 62 90 396
leaf_count=207 30 37 78 62 90 396
internal_value=0.000222222 -0.000258621 0.00201977 0.00107143 -0.000840549 -0.00059287
internal_weight=900 870 177 140 693 603
internal_count=900 870 177 140 693 603
is_linear=0
shrinkage=0.05


Tree=16
num_leaves=7
num_cat=0
split_feature=0 1 0 1 1 0
split_gain=2.41383 0.4614 0.240931 0.369254 0.113933 0.111631
threshold=26.084107651219067 22.845373838859633 22.494866048268353 24.488252441214765 21.775332762794523 17.373472005261267
decision_type=2 2 2 2 2 2
left_child=1 4 -3 -4 5 -1
right_child=-2 2 3 -5 -6 -7
leaf_value=-0.31686505706327622 1.0016954390180979 0.36784930486438444 -0.094220532525195119 0.29132791210718789 -0.17709832363655487 -0.028748900621011205
leaf_weight=207 30 37 78 62 90 396
leaf_count=207 30 37 78 62 90 396
internal_value=0.000222222 -0.000258621 0.00201977 0.00107143 -0.000840549 -0.00059287
internal_weight=900 870 177 140 693 603
internal_count=900 870 177 140 693 603
is_linear=0
shrinkage=0.05


Tree=17
num_leaves=7
num_cat=0
split_feature=0 1 0 1 1 0
split_gain=2.4331 0.374764 0.280358 0.263033 0.113933 0.111631
threshold=26.084107651219067 22.845373838859633 22.494866048268353 24.488252441214765 21.775332762794523 17.373472005261267
decision_type=2 2 2 2 2 2
left_child=1 4 -3 -4 5 -1
right_child=-2 2 3 -5 -6 -7
leaf_value=-0.30102180421011249 0.95161066706719277 0.34945683962116514 -0.089509505898935526 0.27676151650182862 -0.16824340745472705 -0.027311455589960662
leaf_weight=207 30 37 78 62 90 396
leaf_count=207 30 37 78 62 90 396
internal_value=0.000166666 -0.000316093 0.00173729 0.000714285 -0.000840549 -0.00059287
internal_weight=900 870 177 140 693 603
internal_count=900 870 177 140 693 603
is_linear=0
shrinkage=0.05


Tree=18
num_leaves=7
num_cat=0
split_feature=0 1 0 1 1 0
split_gain=2.45245 0.383488 0.275096 0.174342 0.130105 0.111631
threshold=26.084107651219067 23.007105512437473 22.700751341372676 25.29450794834948 21.775332762794523 17.373472005261267
decision_type=2 2 2 2 2 2
left_child=1 4 -3 -4 5 -1
right_child=-2 2 3 -5 -6 -7
leaf_value=-0.28597071399960683 0.90403013371383312 0.33198399764010705 -0.02910692273001015 0.26105196529651986 -0.15614004328048969 -0.02594588281046268
leaf_weight=207 30 37 94 31 105 396
leaf_count=207 30 37 94 31 105 396
internal_value=0.000111111 -0.000373564 0.00182099 0.000699999 -0.000875707 -0.00059287
internal_weight=900 870 162 125 708 603
internal_count=900 870 162 125 708 603
is_linear=0
shrinkage=0.05


Tree=19
num_leaves=7
num_cat=0
split_feature=0 1 0 1 1 0
split_gain=2.47188 0.30073 0.153163 0.146341 0.130105 0.111631
threshold=26.084107651219067 23.007105512437473 24.754131024647325 24.488252441214765 21.775332762794523 17.373472005261267
decision_type=2 2 2 2 2 2
left_child=1 4 3 -3 5 -1
right_child=-2 2 -4 -5 -6 -7
leaf_value=-0.27167217829962648 0.85882862702814156 0.30195410109901322 -0.34826111154760286 0.34708796737983455 -0.14833304111646514 -0.024648588669939617
leaf_weight=207 30 82 39 41 105 396
leaf_count=207 30 82 39 41 105 396
internal_value=5.5555e-05 -0.000431035 0.00151235 0.00237805 -0.000875707 -0.00059287
internal_weight=900 870 162 123 708 603
internal_count=900 870 162 123 708 603
is_linear=0
shrinkage=0.05


Tree=20
num_leaves=7
num_cat=0
split_feature=0 1 0 1 1 0
split_gain=1.92245 0.297129 0.277009 0.286361 0.113933 0.111631
threshold=26.084107651219067 22.845373838859633 22.416126290499768 24.488252441214765 21.775332762794523 17.373472005261267
decision_type=2 2 2 2 2 2
left_child=1 4 -3 -4 5 -1
right_child=-2 2 3 -5 -6 -7
leaf_value=-0.25808856938464508 0.81588719567673429 0.3038483232580248 -0.057816457100159729 0.26554550000989158 -0.14460758286214279 -0.0234161592364426
leaf_weight=207 30 30 85 62 90 396
leaf_count=207 30 30 85 62 90 396
internal_value=5.5555e-05 -0.000373564 0.0014548 0.000561224 -0.000840549 -0.00059287
internal_weight=900 870 177 147 693 603
internal_count=900 870 177 147 693 603
is_linear=0
shrinkage=0.05


Tree=21
num_leaves=7
num_cat=0
split_feature=0 1 0 1 1 0
split_gain=1.93966 0.30073 0.153163 0.146341 0.130105 0.111631
threshold=26.084107651219067 23.007105512437473 24.754131024647325 24.488252441214765 21.775332762794523 17.373472005261267
decision_type=2 2 2 2 2 2
left_child=1 4 3 -3 5 -1
right_child=-2 2 -4 -5 -6 -7
leaf_value=-0.24518414091541274 0.77509283589289746 0.27166397988116131 -0.34250852850923952 0.31645629401034814 -0.13368600991753468 -0.022245351274620417
leaf_weight=207 30 82 39 41 105 396
leaf_count=207 30 82 39 41 105 396
internal_value=-5.96046e-10 -0.000431035 0.00151235 0.00237805 -0.000875707 -0.00059287
internal_weight=900 870 162 123 708 603
internal_count=900 870 162 123 708 603
is_linear=0
shrinkage=0.05


Tree=22
num_leaves=8
num_cat=0
split_feature=0 1 1 1 0 1 0
split_gain=1.95693 0.228018 0.141414 0.130105 0.111631 0.109794 0.0282828
threshold=26.084107651219067 23.007105512437473 23.785200360201681 21.775332762794523 17.373472005261267 24.581384619054813 22.830157872218336
decision_type=2 2 2 2 2 2 2
left_child=1 3 6 4 -1 -4 -3
right_child=-2 2 5 -5 -6 -7 -8
leaf_value=-0.23292493386964211 0.73633819409825285 0.27507270810106554 -0.08422415266551582 -0.12700170942165787 -0.021133083710889421 0.24259012298861371 0.1513149037510215
leaf_weight=207 30 30 30 105 396 69 33
leaf_count=207 30 30 30 105 396 69 33
internal_value=-5.55562e-05 -0.000488506 0.0012037 -0.000875707 -0.00059287 2.52519e-05 0.00305555
internal_weight=900 870 162 708 603 99 63
internal_count=900 870 162 708 603 99 63
is_linear=0
shrinkage=0.05


Tree=23
num_leaves=7
num_cat=0
split_feature=0 1 0 0 1 0
split_gain=1.93966 0.228495 0.313905 0.121148 0.113933 0.111631
threshold=26.084107651219067 22.845373838859633 22.416126290499768 23.014872241977915 21.775332762794523 17.373472005261267
decision_type=2 2 2 2 2 2
left_child=1 4 -3 -4 5 -1
right_child=-2 2 3 -5 -6 -7
leaf_value=-0.22127868717615995 0.69952128439334027 0.26131907269601234 -0.048794079938303252 0.20889821762608848 -0.12434281775207588 -0.020076429525344941
leaf_weight=207 30 30 32 115 90 396
leaf_count=207 30 30 32 115 90 396
internal_value=-5.96046e-10 -0.000431035 0.00117232 0.000221088 -0.000840549 -0.00059287
internal_weight=900 870 177 147 693 603
internal_count=900 870 177 147 693 603
is_linear=0
shrinkage=0.05


Tree=24
num_leaves=7
num_cat=0
split_feature=0 1 0 1 1 0
split_gain=1.97429 0.165353 0.157632 0.130105 0.113876 0.111631
threshold=26.084107651219067 23.007105512437473 22.567639085016875 21.775332762794523 24.581384619054813 17.373472005261267
decision_type=2 2 2 2 2 2
left_child=1 3 -3 5 -4 -1
right_child=-2 2 4 -5 -6 -7
leaf_value=-0.21021475281735197 0.66454522017367312 0.24825311906121181 -0.033600800087441429 -0.1144344830629711 0.25315958736751953 -0.019072608049077622
leaf_weight=207 30 30 74 105 58 396
leaf_count=207 30 30 74 105 58 396
internal_value=-0.000111112 -0.000545978 0.000895061 -0.000875707 0.000151515 -0.00059287
internal_weight=900 870 162 708 132 603
internal_count=900 870 162 708 132 603
is_linear=0
shrinkage=0.05


Tree=25
num_leaves=7
num_cat=0
split_feature=0 1 0 1 1 0
split_gain=1.50207 0.165353 0.157632 0.130105 0.113876 0.111631
threshold=26.084107651219067 23.007105512437473 22.567639085016875 21.775332762794523 24.581384619054813 17.373472005261267
decision_type=2 2 2 2 2 2
left_child=1 3 -3 5 -4 -1
right_child=-2 2 4 -5 -6 -7
leaf_value=-0.19970401517648445 0.63131795916498923 0.23584046310815127 -0.031920760083069356 -0.10871275890982252 0.24050160799914352 -0.018118977646623666
leaf_weight=207 30 30 74 105 58 396
leaf_count=207 30 30 74 105 58 396
internal_value=-0.000166667 -0.000545978 0.000895061 -0.000875707 0.000151515 -0.00059287
internal_weight=900 870 162 708 132 603
internal_count=900 870 162 708 132 603
is_linear=0
shrinkage=0.05


Tree=26
num_leaves=7
num_cat=0
split_feature=0 1 1 0 0 1
split_gain=1.51728 0.112735 0.130105 0.111631 0.0668937 0.0566337
threshold=26.084107651219067 23.007105512437473 21.775332762794523 17.373472005261267 24.754131024647325 24.581384619054813
decision_type=2 2 2 2 2 2
left_child=1 2 3 -1 5 -3
right_child=-2 4 -4 -5 -6 -7
leaf_value=-0.18971881441766031 0.59975206120673974 0.1745224099487033 -0.10327712096433146 -0.017213028764292534 -0.36938830374169207 0.26025638933011147
leaf_weight=207 30 85 105 396 39 38
leaf_count=207 30 85 105 396 39 38
internal_value=-0.000222223 -0.000603449 -0.000875707 -0.00059287 0.000586419 0.00115854
internal_weight=900 870 708 603 162 123
internal_count=900 870 708 603 162 123
is_linear=0
shrinkage=0.05


Tree=27
num_leaves=7
num_cat=0
split_feature=0 1 0 0 1 0
split_gain=1.48693 0.168861 0.155148 0.121148 0.113933 0.111631
threshold=26.084107651219067 22.845373838859633 22.416126290499768 23.014872241977915 21.775332762794523 17.373472005261267
decision_type=2 2 2 2 2 2
left_child=1 4 -3 -4 5 -1
right_child=-2 2 3 -5 -6 -7
leaf_value=-0.18023287369677732 0.56976445814640264 0.21532231945530855 -0.066267463160303436 0.16954544767015978 -0.10180445871761581 -0.016352377326077926
leaf_weight=207 30 30 32 115 90 396
leaf_count=207 30 30 32 115 90 396
internal_value=-0.000111112 -0.000488506 0.00088983 0.000221088 -0.000840549 -0.00059287
internal_weight=900 870 177 147 693 603
internal_count=900 870 177 147 693 603
is_linear=0
shrinkage=0.05


Tree=28
num_leaves=7
num_cat=0
split_feature=0 1 1 0 1 1
split_gain=1.50207 0.165353 0.130105 0.111631 0.0917356 0.107422
threshold=26.084107651219067 23.007105512437473 21.775332762794523 17.373472005261267 25.340137138987021 24.581384619054813
decision_type=2 2 2 2 2 2
left_child=1 2 3 -1 5 -3
right_child=-2 4 -4 -5 -6 -7
leaf_value=-0.17122123001193845 0.54127623523908219 0.085384924041019439 -0.093023041980234034 -0.015534758459773965 -0.14441729439597495 0.25711392534870509
leaf_weight=207 30 93 105 396 39 30
leaf_count=207 30 93 105 396 39 30
internal_value=-0.000166667 -0.000545978 -0.000875707 -0.00059287 0.000895061 0.00156504
internal_weight=900 870 708 603 162 123
internal_count=900 870 708 603 162 123
is_linear=0
shrinkage=0.05


Tree=29
num_leaves=7
num_cat=0
split_feature=0 1 0 0 1 1
split_gain=1.48693 0.152427 0.11848 0.118492 0.0917356 0.107422
threshold=26.084107651219067 23.007105512437473 21.807681438848551 17.373472005261267 25.340137138987021 24.581384619054813
decision_type=2 2 2 2 2 2
left_child=1 2 3 -1 5 -3
right_child=-2 4 -4 -5 -6 -7
leaf_value=-0.16266016851134157 0.51421242347712803 0.081115677838968295 -0.15029523299268172 -0.0432791043574694 -0.13719642967617604 0.24425822908126987
leaf_weight=207 30 93 90 411 39 30
leaf_count=207 30 93 90 411 39 30
internal_value=-0.000111112 -0.000488506 -0.000805085 -0.000558253 0.000895061 0.00156504
internal_weight=900 870 708 618 162 123
internal_count=900 870 708 618 162 123
is_linear=0
shrinkage=0.05


Tree=30
num_leaves=7
num_cat=0
split_feature=0 1 1 1 1 0
split_gain=1.06854 0.192339 0.334988 0.16632 0.103888 0.111631
threshold=26.084107651219067 22.737545878291723 23.058210125680169 23.659798031075194 21.775332762794523 17.373472005261267
decision_type=2 2 2 2 2 2
left_child=1 4 -3 -4 5 -1
right_child=-2 2 3 -5 -6 -7
leaf_value=-0.15452716008577455 0.48850180230327145 0.21792217376416334 -0.25025557360042472 0.14814201059739912 -0.12081923875112413 -0.011256388906671928
leaf_weight=207 30 30 45 111 81 396
leaf_count=207 30 30 45 111 81 396
internal_value=-0.000111112 -0.000431035 0.000994623 6.4102e-05 -0.000818714 -0.00059287
internal_weight=900 870 186 156 684 603
internal_count=900 870 186 156 684 603
is_linear=0
shrinkage=0.05


Tree=31
num_leaves=7
num_cat=0
split_feature=0 1 1 0 0 1
split_gain=1.10728 0.112735 0.130105 0.111631 0.0668937 0.0566337
threshold=26.084107651219067 23.007105512437473 21.775332762794523 17.373472005261267 24.754131024647325 24.581384619054813
decision_type=2 2 2 2 2 2
left_child=1 2 3 -1 5 -3
right_child=-2 4 -4 -5 -6 -7
leaf_value=-0.14680080208148585 0.46407671218810764 0.14211395477939912 -0.082578189478753616 -0.010693569461338254 -0.35496313674445451 0.2062905892287295
leaf_weight=207 30 85 105 396 39 38
leaf_count=207 30 85 105 396 39 38
internal_value=-0.000277778 -0.000603449 -0.000875707 -0.00059287 0.000586419 0.00115854
internal_weight=900 870 708 603 162 123
internal_count=900 870 708 603 162 123
is_linear=0
shrinkage=0.05


Tree=32
num_leaves=7
num_cat=0
split_feature=0 1 1 0 1 1
split_gain=1.09429 0.165353 0.130105 0.111631 0.0917356 0.107422
threshold=26.084107651219067 23.007105512437473 21.775332762794523 17.373472005261267 25.340137138987021 24.581384619054813
decision_type=2 2 2 2 2 2
left_child=1 2 3 -1 5 -3
right_child=-2 4 -4 -5 -6 -7
leaf_value=-0.13946076197741153 0.4408728765787025 0.077459435681750982 -0.078449280004815991 -0.010158890988271337 -0.14805823818367367 0.21432368763590018
leaf_weight=207 30 93 105 396 39 30
leaf_count=207 30 93 105 396 39 30
internal_value=-0.000222223 -0.000545978 -0.000875707 -0.00059287 0.000895061 0.00156504
internal_weight=900 870 708 603 162 123
internal_count=900 870 708 603 162 123
is_linear=0
shrinkage=0.05


Tree=33
num_leaves=7
num_cat=0
split_feature=0 1 1 1 1 1
split_gain=1.05579 0.177144 0.334988 0.16632 0.113119 0.231379
threshold=26.084107651219067 22.737545878291723 23.058210125680169 23.659798031075194 21.775332762794523 21.42495649223914
decision_type=2 2 2 2 2 2
left_child=1 4 -3 -4 5 -1
right_child=-2 2 3 -5 -6 -7
leaf_value=-0.13253498934116745 0.41882923274976708 0.19604739555289755 -0.24872146444346088 0.1247302052031172 -0.10672690333938953 0.29967576646286392
leaf_weight=570 30 30 45 111 81 33
leaf_count=570 30 30 45 111 81 33
internal_value=-5.55562e-05 -0.000373564 0.000994623 6.4102e-05 -0.000745615 -0.000509951
internal_weight=900 870 186 156 684 603
internal_count=900 870 186 156 684 603
is_linear=0
shrinkage=0.05


Tree=34
num_leaves=7
num_cat=0
split_feature=0 1 1 0 1 1
split_gain=1.09429 0.165353 0.130105 0.111631 0.0917356 0.107422
threshold=26.084107651219067 23.007105512437473 21.775332762794523 17.373472005261267 25.340137138987021 24.581384619054813
decision_type=2 2 2 2 2 2
left_child=1 2 3 -1 5 -3
right_child=-2 4 -4 -5 -6 -7
leaf_value=-0.12586097441148267 0.39788777111227847 0.067349953637507606 -0.079268659551219464 -0.012579420834897681 -0.14689183653464574 0.19737099299394961
leaf_weight=207 30 93 105 396 39 30
leaf_count=207 30 93 105 396 39 30
internal_value=-0.000222223 -0.000545978 -0.000875707 -0.00059287 0.000895061 0.00156504
internal_weight=900 870 708 603 162 123
internal_count=900 870 708 603 162 123
is_linear=0
shrinkage=0.05


Tree=35
num_leaves=7
num_cat=0
split_feature=0 1 1 0 0 1
split_gain=1.10728 0.112735 0.130105 0.111631 0.0668937 0.0566337
threshold=26.084107651219067 23.007105512437473 21.775332762794523 17.373472005261267 24.754131024647325 24.581384619054813
decision_type=2 2 2 2 2 2
left_child=1 2 3 -1 5 -3
right_child=-2 4 -4 -5 -6 -7
leaf_value=-0.11956792569090845 0.37799338255666443 0.12478151355111496 -0.075305226573658568 -0.011950449793152863 -0.33090277379121125 0.16915481547564482
leaf_weight=207 30 85 105 396 39 38
leaf_count=207 30 85 105 396 39 38
internal_value=-0.000277778 -0.000603449 -0.000875707 -0.00059287 0.000586419 0.00115854
internal_weight=900 870 708 603 162 123
internal_count=900 870 708 603 162 123
is_linear=0
shrinkage=0.05


Tree=36
num_leaves=7
num_cat=0
split_feature=0 1 0 0 1 0
split_gain=0.740268 0.168861 0.155148 0.121148 0.113933 0.111631
threshold=26.084107651219067 22.845373838859633 22.416126290499768 23.014872241977915 21.775332762794523 17.373472005261267
decision_type=2 2 2 2 2 2
left_child=1 4 -3 -4 5 -1
right_child=-2 2 3 -5 -6 -7
leaf_value=-0.11358952940636301 0.35909371342883106 0.15812214493324095 -0.086044665636261813 0.082998952508416476 -0.072386953336690207 -0.011352927303495143
leaf_weight=207 30 30 32 115 90 396
leaf_count=207 30 30 32 115 90 396
internal_value=-0.000222223 -0.000488506 0.00088983 0.000221088 -0.000840549 -0.00059287
internal_weight=900 870 177 147 693 603
internal_count=900 870 177 147 693 603
is_linear=0
shrinkage=0.05


Tree=37
num_leaves=7
num_cat=0
split_feature=0 1 0 0 1 1
split_gain=0.740268 0.152427 0.11848 0.118492 0.0917356 0.107422
threshold=26.084107651219067 23.007105512437473 21.807681438848551 17.373472005261267 25.340137138987021 24.581384619054813
decision_type=2 2 2 2 2 2
left_child=1 2 3 -1 5 -3
right_child=-2 4 -4 -5 -6 -7
leaf_value=-0.10791005293604493 0.34113902775738936 0.065761526531932749 -0.11200374879126525 -0.02071352052876705 -0.15215493310711672 0.17489475494504886
leaf_weight=207 30 93 90 411 39 30
leaf_count=207 30 93 90 411 39 30
internal_value=-0.000222223 -0.000488506 -0.000805085 -0.000558253 0.000895061 0.00156504
internal_weight=900 870 708 618 162 123
internal_count=900 870 708 618 162 123
is_linear=0
shrinkage=0.05


Tree=38
num_leaves=7
num_cat=0
split_feature=0 1 0 0 1 1
split_gain=0.740268 0.152427 0.11848 0.118492 0.0917356 0.107422
threshold=26.084107651219067 23.007105512437473 21.807681438848551 17.373472005261267 25.340137138987021 24.581384619054813
decision_type=2 2 2 2 2 2
left_child=1 2 3 -1 5 -3
right_child=-2 4 -4 -5 -6 -7
leaf_value=-0.10251455028924267 0.32408207636951974 0.062473450205336283 -0.10640356135170191 -0.019677844502328769 -0.14454718645176073 0.16615001719779632
leaf_weight=207 30 93 90 411 39 30
leaf_count=207 30 93 90 411 39 30
internal_value=-0.000222223 -0.000488506 -0.000805085 -0.000558253 0.000895061 0.00156504
internal_weight=900 870 708 618 162 123
internal_count=900 870 708 618 162 123
is_linear=0
shrinkage=0.05


Tree=39
num_leaves=7
num_cat=0
split_feature=1 1 0 1 0 1
split_gain=0.478063 0.164187 0.353107 0.103888 0.111631 0.0854701
threshold=26.832334913210552 22.737545878291723 22.441880613627237 21.775332762794523 17.373472005261267 25.340137138987021
decision_type=2 2 2 2 2 2
left_child=1 3 -3 4 -1 -4
right_child=-2 2 5 -5 -6 -7
leaf_value=-0.097388822774780517 0.29764266050992561 0.14380428884971566 0.0096420981943239059 -0.088022947947787075 -0.0023878641101133338 -0.2326012084803368
leaf_weight=207 39 30 117 81 396 30
leaf_count=207 39 30 117 81 396 30
internal_value=-0.000222223 -0.00046748 0.00088983 -0.000818714 -0.00059287 -0.000119048
internal_weight=900 861 177 684 603 147
internal_count=900 861 177 684 603 147
is_linear=0
shrinkage=0.05


Tree=40
num_leaves=7
num_cat=0
split_feature=1 1 1 1 1 1
split_gain=0.487924 0.124529 0.159413 0.141665 0.12702 0.107422
threshold=26.832334913210552 23.007105512437473 25.340137138987021 21.775332762794523 16.519788204978617 24.581384619054813
decision_type=2 2 2 2 2 2
left_child=1 3 5 4 -1 -3
right_child=-2 2 -4 -5 -6 -7
leaf_value=-0.18220508375098687 0.28276052748442954 0.056184436329199783 -0.22097114805631982 -0.062038018181752391 -0.0023578070522956964 0.15736041142819032
leaf_weight=144 39 93 30 105 459 30
leaf_count=144 39 93 30 105 459 30
internal_value=-0.000277778 -0.000525552 0.000767973 -0.000805085 -0.000509951 0.00156504
internal_weight=900 861 153 708 603 123
internal_count=900 861 153 708 603 123
is_linear=0
shrinkage=0.05


Tree=41
num_leaves=7
num_cat=0
split_feature=1 1 0 1 1 1
split_gain=0.478063 0.128643 0.168168 0.124055 0.12702 0.0986312
threshold=26.832334913210552 22.845373838859633 22.545345598641571 21.775332762794523 16.519788204978617 25.340137138987021
decision_type=2 2 2 2 2 2
left_child=1 3 -3 4 -1 -4
right_child=-2 2 5 -5 -6 -7
leaf_value=-0.17309482956343755 0.26862250111020813 0.13380485259077007 0.015327507465316016 -0.060455746029339244 -0.0022399166996809384 -0.20992259065350374
leaf_weight=144 39 30 108 90 459 30
leaf_count=144 39 30 108 90 459 30
internal_value=-0.000222223 -0.00046748 0.000773809 -0.000768399 -0.000509951 3.62313e-05
internal_weight=900 861 168 693 603 138
internal_count=900 861 168 693 603 138
is_linear=0
shrinkage=0.05


Tree=42
num_leaves=8
num_cat=0
split_feature=1 1 0 1 1 0 1
split_gain=0.478063 0.123842 0.0835551 0.1074 0.0259615 0.0248538 0.0554765
threshold=26.832334913210552 16.519788204978617 17.620055320462118 23.007105512437473 17.579351787550998 15.362763664702124 15.832054122226113
decision_type=2 2 2 2 2 2 2
left_child=1 5 4 -4 -3 -1 -7
right_child=-2 2 3 -5 -6 6 -8
leaf_value=-0.16069796661082858 0.2551913760546981 0.061978909509500094 -0.064956477736508977 0.062797026182633872 0.1096256850864076 0.0012830809104142915 -0.23549272590433665
leaf_weight=68 39 48 486 153 30 37 39
leaf_count=68 39 48 486 153 30 37 39
internal_value=-0.000222223 -0.00046748 -0.000198745 -0.000387325 0.00134615 -0.00180556 -0.00118421
internal_weight=900 861 717 639 78 144 76
internal_count=900 861 717 639 78 144 76
is_linear=0
shrinkage=0.05


Tree=43
num_leaves=8
num_cat=0
split_feature=1 0 1 1 1 0 0
split_gain=0.478063 0.123949 0.208715 0.135256 0.100854 0.0378132 0.0688001
threshold=26.832334913210552 17.373472005261267 18.210835875934226 17.466345233680826 18.988087930283879 15.362763664702124 16.764673210470828
decision_type=2 2 2 2 2 2 2
left_child=1 5 3 -3 -4 -1 -7
right_child=-2 2 4 -5 -6 6 -8
leaf_value=-0.15266306828028711 0.24243180725196325 -0.11162854937525234 -0.25738837782609725 0.24867179382624496 -0.018826609519180759 -0.020097801301269837 -0.090726061197353589
leaf_weight=68 39 36 54 35 529 87 52
leaf_count=68 39 36 54 35 529 87 52
internal_value=-0.000222223 -0.00046748 -0.00012997 0.00242958 -0.000441682 -0.00153382 -0.00106115
internal_weight=900 861 654 71 583 207 139
internal_count=900 861 654 71 583 207 139
is_linear=0
shrinkage=0.05


Tree=44
num_leaves=5
num_cat=0
split_feature=1 0 0 1
split_gain=0.487924 0.115131 0.0815256 0.226848
threshold=26.832334913210552 15.362763664702124 24.754131024647325 24.445188608140956
decision_type=2 2 2 2
left_child=1 -1 3 -3
right_child=-2 2 -4 -5
leaf_value=-0.14502991486627279 0.2303102168893652 -0.035393985503383213 -0.34032700763643969 0.14423404116676619
leaf_weight=68 39 720 42 31
leaf_count=68 39 720 42 31
internal_value=-0.000277778 -0.000525552 -0.000356243 -0.000236352
internal_weight=900 861 793 751
internal_count=900 861 793 751
is_linear=0
shrinkage=0.05


Tree=45
num_leaves=8
num_cat=0
split_feature=1 0 1 1 1 0 0
split_gain=0.478063 0.123949 0.109664 0.123852 0.109433 0.0378132 0.0688001
threshold=26.832334913210552 17.373472005261267 18.210835875934226 17.579351787550998 18.988087930283879 15.362763664702124 16.764673210470828
decision_type=2 2 2 2 2 2 2
left_child=1 5 3 -3 -4 -1 -7
right_child=-2 2 4 -5 -6 6 -8
leaf_value=-0.13777841912295904 0.21879470604489698 -0.0096036235573552786 -0.2427492596596233 0.25081785061706263 -0.016115579768052578 -0.017323211961037255 -0.084420058862316696
leaf_weight=68 39 41 54 30 529 87 52
leaf_count=68 39 41 54 30 529 87 52
internal_value=-0.000222223 -0.00046748 -0.00012997 0.00172535 -0.000355918 -0.00153382 -0.00106115
internal_weight=900 861 654 71 583 207 139
internal_count=900 861 654 71 583 207 139
is_linear=0
shrinkage=0.05


Tree=46
num_leaves=8
num_cat=0
split_feature=1 1 1 1 1 1 0
split_gain=0.31229 0.269564 0.247083 0.113119 0.231379 0.100141 0.0950584
threshold=22.737545878291723 23.058210125680169 23.659798031075194 21.775332762794523 21.42495649223914 26.832334913210552 15.362763664702124
decision_type=2 2 2 2 2 2 2
left_child=3 -2 -3 4 6 -4 -1
right_child=1 2 5 -5 -6 -7 -8
leaf_value=-0.13088949816681109 0.1460078748742113 -0.27155446562956087 0.015655382045565117 -0.070732479713486826 0.29561959830731371 0.2078549707426518 -0.077563086010567536
leaf_weight=68 30 45 102 81 33 39 502
leaf_count=68 30 45 102 81 33 39 502
internal_value=-0.000222223 0.00143518 0.000725806 -0.000745615 -0.000509951 0.00175532 -0.000745615
internal_weight=900 216 186 684 603 141 570
internal_count=900 216 186 684 603 141 570
is_linear=0
shrinkage=0.05


Tree=47
num_leaves=8
num_cat=0
split_feature=1 1 0 1 1 0 1
split_gain=0.286012 0.123842 0.0835551 0.1074 0.0259615 0.0248538 0.0554765
threshold=26.832334913210552 16.519788204978617 17.620055320462118 23.007105512437473 17.579351787550998 15.362763664702124 15.832054122226113
decision_type=2 2 2 2 2 2 2
left_child=1 5 4 -4 -3 -1 -7
right_child=-2 2 3 -5 -6 6 -8
leaf_value=-0.12434502325847047 0.19746222220551887 0.069122728614221515 -0.062782921765667674 0.054628666493870839 0.096898271264682811 0.0087378311037063835 -0.21619918537030697
leaf_weight=68 39 48 486 153 30 37 39
leaf_count=68 39 48 486 153 30 37 39
internal_value=-0.000277778 -0.00046748 -0.000198745 -0.000387325 0.00134615 -0.00180556 -0.00118421
internal_weight=900 861 717 639 78 144 76
internal_count=900 861 717 639 78 144 76
is_linear=0
shrinkage=0.05


Tree=48
num_leaves=9
num_cat=0
split_feature=1 1 1 0 0 1 1 0
split_gain=0.295434 0.122745 0.159413 0.11848 0.118492 0.110277 0.107422 0.0378132
threshold=23.007105512437473 26.832334913210552 25.340137138987021 21.807681438848551 17.373472005261267 18.210835875934226 24.581384619054813 15.362763664702124
decision_type=2 2 2 2 2 2 2 2
left_child=3 2 6 4 7 -6 -2 -1
right_child=1 -3 -4 -5 5 -7 -8 -9
leaf_value=-0.11812777209554692 0.054891044728547292 0.18758911109524307 -0.20064247547703062 -0.077117144975858851 0.192657084309305 -0.06291682528539759 0.13660736915343469 -0.073485088865278533
leaf_weight=68 93 39 30 90 71 340 30 139
leaf_count=68 93 39 30 90 71 340 30 139
internal_value=-0.000333334 0.00140625 0.000767973 -0.000805085 -0.000558253 -6.69106e-05 0.00156504 -0.00153382
internal_weight=900 192 153 708 618 411 123 207
internal_count=900 192 153 708 618 411 123 207
is_linear=0
shrinkage=0.05


Tree=49
num_leaves=9
num_cat=0
split_feature=1 1 1 1 1 1 0 0
split_gain=0.31229 0.269564 0.247083 0.113119 0.12702 0.100141 0.0793143 0.0248538
threshold=22.737545878291723 23.058210125680169 23.659798031075194 21.775332762794523 16.519788204978617 26.832334913210552 16.815032135048103 15.362763664702124
decision_type=2 2 2 2 2 2 2 2
left_child=3 -2 -3 4 7 -4 -6 -1
right_child=1 2 5 -5 6 -7 -8 -9
leaf_value=-0.11222138349076954 0.13323149556937963 -0.2634527279092036 0.009192331651724478 -0.060910868375259143 0.50384213380684872 0.1782096555404806 -0.036648889728959057 -0.17515446923635708
leaf_weight=68 30 45 102 81 31 39 428 76
leaf_count=68 30 45 102 81 31 39 428 76
internal_value=-0.000222223 0.00143518 0.000725806 -0.000745615 -0.000509951 0.00175532 -0.000103486 -0.00180556
internal_weight=900 216 186 684 603 141 459 144
internal_count=900 216 186 684 603 141 459 144
is_linear=0
shrinkage=0.05


Tree=50
num_leaves=9
num_cat=0
split_feature=1 1 1 0 0 1 1 0
split_gain=0.295434 0.122745 0.159413 0.11848 0.118492 0.110277 0.107422 0.0378132
threshold=23.007105512437473 26.832334913210552 25.340137138987021 21.807681438848551 17.373472005261267 18.210835875934226 24.581384619054813 15.362763664702124
decision_type=2 2 2 2 2 2 2 2
left_child=3 2 6 4 7 -6 -2 -1
right_child=1 -3 -4 -5 5 -7 -8 -9
leaf_value=-0.10661031431623105 0.049206099433026021 0.16929917276345635 -0.19106996828576528 -0.070215744308302949 0.18485667458028759 -0.056725440602364688 0.1293173841131765 -0.072728138394564115
leaf_weight=68 93 39 30 90 71 340 30 139
leaf_count=68 93 39 30 90 71 340 30 139
internal_value=-0.000333334 0.00140625 0.000767973 -0.000805085 -0.000558253 -6.69106e-05 0.00156504 -0.00153382
internal_weight=900 192 153 708 618 411 123 207
internal_count=900 192 153 708 618 411 123 207
is_linear=0
shrinkage=0.05


Tree=51
num_leaves=8
num_cat=0
split_feature=1 0 1 1 1 0 0
split_gain=0.286012 0.123949 0.109664 0.123852 0.109433 0.0378132 0.0688001
threshold=26.832334913210552 17.373472005261267 18.210835875934226 17.579351787550998 18.988087930283879 15.362763664702124 16.764673210470828
decision_type=2 2 2 2 2 2 2
left_child=1 5 3 -3 -4 -1 -7
right_child=-2 2 4 -5 -6 6 -8
leaf_value=-0.10127979860041947 0.1608342141252834 -0.01914937848874863 -0.21577993850699448 0.22825101501698947 -0.0032246363508211199 -0.034888621389510314 -0.072022709332466489
leaf_weight=68 39 41 54 30 529 87 52
leaf_count=68 39 41 54 30 529 87 52
internal_value=-0.000277778 -0.00046748 -0.00012997 0.00172535 -0.000355918 -0.00153382 -0.00106115
internal_weight=900 861 654 71 583 207 139
internal_count=900 861 654 71 583 207 139
is_linear=0
shrinkage=0.05


Tree=52
num_leaves=8
num_cat=0
split_feature=1 0 1 1 1 0 0
split_gain=0.286012 0.123949 0.109664 0.123852 0.109433 0.0378132 0.0688001
threshold=26.832334913210552 17.373472005261267 18.210835875934226 17.579351787550998 18.988087930283879 15.362763664702124 16.764673210470828
decision_type=2 2 2 2 2 2 2
left_child=1 5 3 -3 -4 -1 -7
right_child=-2 2 4 -5 -6 6 -8
leaf_value=-0.0962158086703985 0.15279250341901901 -0.018191909564311208 -0.20499094158164477 0.21683846426613995 -0.0030634045332800122 -0.03314419032003485 -0.06842157386584323
leaf_weight=68 39 41 54 30 529 87 52
leaf_count=68 39 41 54 30 529 87 52
internal_value=-0.000277778 -0.00046748 -0.00012997 0.00172535 -0.000355918 -0.00153382 -0.00106115
internal_weight=900 861 654 71 583 207 139
internal_count=900 861 654 71 583 207 139
is_linear=0
shrinkage=0.05


Tree=53
num_leaves=8
num_cat=0
split_feature=1 0 1 1 1 0 0
split_gain=0.286012 0.123949 0.109664 0.123852 0.109433 0.0378132 0.0688001
threshold=26.832334913210552 17.373472005261267 18.210835875934226 17.579351787550998 18.988087930283879 15.362763664702124 16.764673210470828
decision_type=2 2 2 2 2 2 2
left_child=1 5 3 -3 -4 -1 -7
right_child=-2 2 4 -5 -6 6 -8
leaf_value=-0.091405018236878632 0.14515287824806791 -0.01728231408609562 -0.1947413945025625 0.2059965410528328 -0.0029102343066160666 -0.031486980804033171 -0.065000495172551007
leaf_weight=68 39 41 54 30 529 87 52
leaf_count=68 39 41 54 30 529 87 52
internal_value=-0.000277778 -0.00046748 -0.00012997 0.00172535 -0.000355918 -0.00153382 -0.00106115
internal_weight=900 861 654 71 583 207 139
internal_count=900 861 654 71 583 207 139
is_linear=0
shrinkage=0.05


Tree=54
num_leaves=8
num_cat=0
split_feature=1 0 1 1 1 0 0
split_gain=0.286012 0.123949 0.109664 0.123852 0.109433 0.0378132 0.0688001
threshold=26.832334913210552 17.373472005261267 18.210835875934226 17.579351787550998 18.988087930283879 15.362763664702124 16.764673210470828
decision_type=2 2 2 2 2 2 2
left_child=1 5 3 -3 -4 -1 -7
right_child=-2 2 4 -5 -6 6 -8
leaf_value=-0.086834767325034798 0.13789523433566445 -0.01641819838179084 -0.18500432477743445 0.19569671400019112 -0.0027647225912851405 -0.029912631763831535 -0.061750470413923432
leaf_weight=68 39 41 54 30 529 87 52
leaf_count=68 39 41 54 30 529 87 52
internal_value=-0.000277778 -0.00046748 -0.00012997 0.00172535 -0.000355918 -0.00153382 -0.00106115
internal_weight=900 861 654 71 583 207 139
internal_count=900 861 654 71 583 207 139
is_linear=0
shrinkage=0.05


Tree=55
num_leaves=8
num_cat=0
split_feature=1 0 1 1 1 0 0
split_gain=0.286012 0.123949 0.109664 0.123852 0.109433 0.0378132 0.0688001
threshold=26.832334913210552 17.373472005261267 18.210835875934226 17.579351787550998 18.988087930283879 15.362763664702124 16.764673210470828
decision_type=2 2 2 2 2 2 2
left_child=1 5 3 -3 -4 -1 -7
right_child=-2 2 4 -5 -6 6 -8
leaf_value=-0.082493028958783132 0.13100047261888151 -0.015597288462701211 -0.17575410853856274 0.18591187830018152 -0.0026264864617207787 -0.028417000175639941 -0.058662946893227291
leaf_weight=68 39 41 54 30 529 87 52
leaf_count=68 39 41 54 30 529 87 52
internal_value=-0.000277778 -0.00046748 -0.00012997 0.00172535 -0.000355918 -0.00153382 -0.00106115
internal_weight=900 861 654 71 583 207 139
internal_count=900 861 654 71 583 207 139
is_linear=0
shrinkage=0.05


Tree=56
num_leaves=8
num_cat=0
split_feature=1 1 0 0 1 0 1
split_gain=0.278474 0.134825 0.0761822 0.0886277 0.0668123 0.0248538 0.0554765
threshold=26.832334913210552 16.519788204978617 17.620055320462118 16.997142498125999 17.700283091000156 15.362763664702124 15.832054122226113
decision_type=2 2 2 2 2 2 2
left_child=1 5 3 -3 -4 -1 -7
right_child=-2 2 4 -5 -6 6 -8
leaf_value=-0.078368377510843967 0.12445044898793754 -0.014923175148287938 -0.82750166028241368 0.10493541586097006 -0.0056092808655673664 0.032261795595983501 -0.18366045715596702
leaf_weight=68 39 43 33 35 606 37 39
leaf_count=68 39 43 33 35 606 37 39
internal_value=-0.000222223 -0.000409408 -0.00012901 0.00134615 -0.000309077 -0.00180556 -0.00118421
internal_weight=900 861 717 78 639 144 76
internal_count=900 861 717 78 639 144 76
is_linear=0
shrinkage=0.05


Tree=57
num_leaves=8
num_cat=0
split_feature=1 0 1 1 1 0 0
split_gain=0.278474 0.137817 0.196433 0.135256 0.109433 0.0378132 0.0688001
threshold=26.832334913210552 17.373472005261267 18.210835875934226 17.466345233680826 18.988087930283879 15.362763664702124 16.764673210470828
decision_type=2 2 2 2 2 2 2
left_child=1 5 3 -3 -4 -1 -7
right_child=-2 2 4 -5 -6 6 -8
leaf_value=-0.074449958635301711 0.11822792653854038 -0.094617392279141621 -0.16668593906835627 0.16408680122149022 -0.0022146980953561602 -0.026249991409443608 -0.060976570341614439
leaf_weight=68 39 36 54 35 529 87 52
leaf_count=68 39 36 54 35 529 87 52
internal_value=-0.000222223 -0.000409408 -5.35174e-05 0.00242958 -0.000355918 -0.00153382 -0.00106115
internal_weight=900 861 654 71 583 207 139
internal_count=900 861 654 71 583 207 139
is_linear=0
shrinkage=0.05


Tree=58
num_leaves=8
num_cat=0
split_feature=1 0 1 1 1 0 0
split_gain=0.278474 0.137817 0.196433 0.135256 0.109433 0.0378132 0.0688001
threshold=26.832334913210552 17.373472005261267 18.210835875934226 17.466345233680826 18.988087930283879 15.362763664702124 16.764673210470828
decision_type=2 2 2 2 2 2 2
left_child=1 5 3 -3 -4 -1 -7
right_child=-2 2 4 -5 -6 6 -8
leaf_value=-0.070727460703536596 0.1123165302116135 -0.089886522665184598 -0.15835164211493852 0.1558824611604159 -0.0021039631905882651 -0.02493749183897144 -0.057927741824533641
leaf_weight=68 39 36 54 35 529 87 52
leaf_count=68 39 36 54 35 529 87 52
internal_value=-0.000222223 -0.000409408 -5.35174e-05 0.00242958 -0.000355918 -0.00153382 -0.00106115
internal_weight=900 861 654 71 583 207 139
internal_count=900 861 654 71 583 207 139
is_linear=0
shrinkage=0.05


Tree=59
num_leaves=8
num_cat=0
split_feature=1 1 0 1 0 0 1
split_gain=0.263701 0.15819 0.123354 0.231011 0.143284 0.0248538 0.0554765
threshold=26.832334913210552 16.519788204978617 18.766619198876406 17.962714159978724 19.89452682039321 15.362763664702124 15.832054122226113
decision_type=2 2 2 2 2 2 2
left_child=1 5 3 -3 -4 -1 -7
right_child=-2 2 4 -5 -6 6 -8
leaf_value=-0.067191087668359725 0.10670070370103275 -0.025593901606802284 -0.22818496630003887 0.11969936351227445 0.00097433147525902196 0.033208079978605198 -0.17125148099685419
leaf_weight=68 39 111 105 67 434 37 39
leaf_count=68 39 111 105 67 434 37 39
internal_value=-0.000111112 -0.000293264 1.04597e-05 0.00115168 -0.00036642 -0.00180556 -0.00118421
internal_weight=900 861 717 178 539 144 76
internal_count=900 861 717 178 539 144 76
is_linear=0
shrinkage=0.05


Tree=60
num_leaves=8
num_cat=0
split_feature=1 0 1 1 1 0 0
split_gain=0.278474 0.137817 0.196433 0.135256 0.109433 0.0378132 0.0688001
threshold=26.832334913210552 17.373472005261267 18.210835875934226 17.466345233680826 18.988087930283879 15.362763664702124 16.764673210470828
decision_type=2 2 2 2 2 2 2
left_child=1 5 3 -3 -4 -1 -7
right_child=-2 2 4 -5 -6 6 -8
leaf_value=-0.063831533284941774 0.1013656685159809 -0.078650339185804358 -0.15641902818480544 0.14428276595911532 -0.002047481604821788 -0.022410922166682778 -0.059828726852381553
leaf_weight=68 39 36 54 35 529 87 52
leaf_count=68 39 36 54 35 529 87 52
internal_value=-0.000222223 -0.000409408 -5.35174e-05 0.00242958 -0.000355918 -0.00153382 -0.00106115
internal_weight=900 861 654 71 583 207 139
internal_count=900 861 654 71 583 207 139
is_linear=0
shrinkage=0.05


Tree=61
num_leaves=8
num_cat=0
split_feature=1 0 0 1 0 0 0
split_gain=0.271037 0.152421 0.185875 0.144928 0.143284 0.0378132 0.0688001
threshold=26.832334913210552 17.373472005261267 18.766619198876406 18.407283435945928 19.89452682039321 15.362763664702124 16.764673210470828
decision_type=2 2 2 2 2 2 2
left_child=1 5 3 -3 -4 -1 -7
right_child=-2 2 4 -5 -6 6 -8
leaf_value=-0.060639956620694768 0.09629738509018182 0.12385872249459365 -0.21667334390479584 -0.047955686909708285 0.0010279889817372105 -0.021290376058348704 -0.056837290509762529
leaf_weight=68 39 69 105 46 434 87 52
leaf_count=68 39 69 105 46 434 87 52
internal_value=-0.000166667 -0.000351336 2.29352e-05 0.00184783 -0.00036642 -0.00153382 -0.00106115
internal_weight=900 861 654 115 539 207 139
internal_count=900 861 654 115 539 207 139
is_linear=0
shrinkage=0.05


Tree=62
num_leaves=8
num_cat=0
split_feature=0 1 0 1 1 0 0
split_gain=0.160053 0.121028 0.0725854 0.0668123 0.0333643 0.0248538 0.0723684
threshold=16.616277889998432 26.832334913210552 17.620055320462118 17.700283091000156 17.111220049367031 15.362763664702124 16.00165953938173
decision_type=2 2 2 2 2 2 2
left_child=5 2 4 -4 -2 -1 -7
right_child=1 -3 3 -5 -6 6 -8
leaf_value=-0.057607958789660074 -0.094342142296024278 0.092619772729130301 -0.7979727749045411 -0.0019413114791163952 0.056055148653045575 0.29499021894738153 -0.10089947277140963
leaf_weight=68 37 38 33 606 42 32 44
leaf_count=68 37 38 33 606 42 32 44
internal_value=-0.000277778 1.32269e-05 -0.000132313 -0.000309077 0.00129747 -0.00180556 -0.00118421
internal_weight=900 756 718 639 79 144 76
internal_count=900 756 718 639 79 144 76
is_linear=0
shrinkage=0.05


Tree=63
num_leaves=8
num_cat=0
split_feature=1 1 0 0 0 0 1
split_gain=0.171905 0.106859 0.0819282 0.143284 0.124865 0.0248538 0.0554765
threshold=16.519788204978617 26.832334913210552 18.766619198876406 19.89452682039321 18.327555332996827 15.362763664702124 15.832054122226113
decision_type=2 2 2 2 2 2 2
left_child=5 2 4 -4 -2 -1 -7
right_child=1 -3 3 -5 -6 6 -8
leaf_value=-0.054727560850177076 -7.0729789472431283e-05 0.086851527199215905 -0.20574261113560036 0.0010736551066061477 0.10929900558413555 0.038712141365448094 -0.17375124638908424
leaf_weight=68 134 39 105 434 44 37 39
leaf_count=68 134 39 105 434 44 37 39
internal_value=-0.000222223 7.93645e-05 -5.92754e-05 -0.00036642 0.000870786 -0.00180556 -0.00118421
internal_weight=900 756 717 539 178 144 76
internal_count=900 756 717 539 178 144 76
is_linear=0
shrinkage=0.05


Tree=64
num_leaves=8
num_cat=0
split_feature=1 1 0 0 0 0 1
split_gain=0.171905 0.106859 0.0819282 0.143284 0.124865 0.0248538 0.0554765
threshold=16.519788204978617 26.832334913210552 18.766619198876406 19.89452682039321 18.327555332996827 15.362763664702124 15.832054122226113
decision_type=2 2 2 2 2 2 2
left_child=5 2 4 -4 -2 -1 -7
right_child=1 -3 3 -5 -6 6 -8
leaf_value=-0.051991182807668151 -6.7193299998721291e-05 0.082508950839255135 -0.19545548057882031 0.0010199723512758832 0.10383405530492884 0.036776534297175714 -0.16506368406963001
leaf_weight=68 134 39 105 434 44 37 39
leaf_count=68 134 39 105 434 44 37 39
internal_value=-0.000222223 7.93645e-05 -5.92754e-05 -0.00036642 0.000870786 -0.00180556 -0.00118421
internal_weight=900 756 717 539 178 144 76
internal_count=900 756 717 539 178 144 76
is_linear=0
shrinkage=0.05


Tree=65
num_leaves=8
num_cat=0
split_feature=1 1 0 0 0 0 1
split_gain=0.171905 0.106859 0.0819282 0.143284 0.124865 0.0248538 0.0554765
threshold=16.519788204978617 26.832334913210552 18.766619198876406 19.89452682039321 18.327555332996827 15.362763664702124 15.832054122226113
decision_type=2 2 2 2 2 2 2
left_child=5 2 4 -4 -2 -1 -7
right_child=1 -3 3 -5 -6 6 -8
leaf_value=-0.049391623667284716 -6.3833634998830031e-05 0.078383503297292378 -0.1856827065498792 0.00096897373371206998 0.098642352539682371 0.034937707582316957 -0.15681049986614856
leaf_weight=68 134 39 105 434 44 37 39
leaf_count=68 134 39 105 434 44 37 39
internal_value=-0.000222223 7.93645e-05 -5.92754e-05 -0.00036642 0.000870786 -0.00180556 -0.00118421
internal_weight=900 756 717 539 178 144 76
internal_count=900 756 717 539 178 144 76
is_linear=0
shrinkage=0.05


Tree=66
num_leaves=8
num_cat=0
split_feature=1 1 0 0 0 0 1
split_gain=0.171905 0.106859 0.0819282 0.143284 0.124865 0.0248538 0.0554765
threshold=16.519788204978617 26.832334913210552 18.766619198876406 19.89452682039321 18.327555332996827 15.362763664702124 15.832054122226113
decision_type=2 2 2 2 2 2 2
left_child=5 2 4 -4 -2 -1 -7
right_child=1 -3 3 -5 -6 6 -8
leaf_value=-0.04692204248392056 -6.0641953248826748e-05 0.07446432813242794 -0.17639857122238523 0.00092052504702643846 0.09371023491269817 0.03319082220320118 -0.14896997487284122
leaf_weight=68 134 39 105 434 44 37 39
leaf_count=68 134 39 105 434 44 37 39
internal_value=-0.000222223 7.93645e-05 -5.92754e-05 -0.00036642 0.000870786 -0.00180556 -0.00118421
internal_weight=900 756 717 539 178 144 76
internal_count=900 756 717 539 178 144 76
is_linear=0
shrinkage=0.05


Tree=67
num_leaves=8
num_cat=0
split_feature=1 1 0 0 0 0 1
split_gain=0.171905 0.106859 0.0819282 0.143284 0.124865 0.0248538 0.0554765
threshold=16.519788204978617 26.832334913210552 18.766619198876406 19.89452682039321 18.327555332996827 15.362763664702124 15.832054122226113
decision_type=2 2 2 2 2 2 2
left_child=5 2 4 -4 -2 -1 -7
right_child=1 -3 3 -5 -6 6 -8
leaf_value=-0.044575940359724522 -5.760985558645685e-05 0.070741111725806868 -0.16757864266126593 0.00087449879467517736 0.089024723167063224 0.031531281093041041 -0.14152147612919916
leaf_weight=68 134 39 105 434 44 37 39
leaf_count=68 134 39 105 434 44 37 39
internal_value=-0.000222223 7.93645e-05 -5.92754e-05 -0.00036642 0.000870786 -0.00180556 -0.00118421
internal_weight=900 756 717 539 178 144 76
internal_count=900 756 717 539 178 144 76
is_linear=0
shrinkage=0.05


Tree=68
num_leaves=8
num_cat=0
split_feature=1 1 0 0 0 0 1
split_gain=0.171905 0.106859 0.0819282 0.143284 0.124865 0.0248538 0.0554765
threshold=16.519788204978617 26.832334913210552 18.766619198876406 19.89452682039321 18.327555332996827 15.362763664702124 15.832054122226113
decision_type=2 2 2 2 2 2 2
left_child=5 2 4 -4 -2 -1 -7
right_child=1 -3 3 -5 -6 6 -8
leaf_value=-0.042347143341738308 -5.472936280704558e-05 0.06720405613951641 -0.15919971052820267 0.00083077385494136383 0.084573487008710022 0.029954717038388968 -0.13444540232273919
leaf_weight=68 134 39 105 434 44 37 39
leaf_count=68 134 39 105 434 44 37 39
internal_value=-0.000222223 7.93645e-05 -5.92754e-05 -0.00036642 0.000870786 -0.00180556 -0.00118421
internal_weight=900 756 717 539 178 144 76
internal_count=900 756 717 539 178 144 76
is_linear=0
shrinkage=0.05


Tree=69
num_leaves=8
num_cat=0
split_feature=1 1 0 0 0 0 1
split_gain=0.171905 0.106859 0.0819282 0.143284 0.124865 0.0248538 0.0554765
threshold=16.519788204978617 26.832334913210552 18.766619198876406 19.89452682039321 18.327555332996827 15.362763664702124 15.832054122226113
decision_type=2 2 2 2 2 2 2
left_child=5 2 4 -4 -2 -1 -7
right_child=1 -3 3 -5 -6 6 -8
leaf_value=-0.040229786174651318 -5.1992894666604879e-05 0.063843853332540598 -0.15123972500179253 0.00078923516219437425 0.08034481265827445 0.028456981186469488 -0.1277231322066022
leaf_weight=68 134 39 105 434 44 37 39
leaf_count=68 134 39 105 434 44 37 39
internal_value=-0.000222223 7.93645e-05 -5.92754e-05 -0.00036642 0.000870786 -0.00180556 -0.00118421
internal_weight=900 756 717 539 178 144 76
internal_count=900 756 717 539 178 144 76
is_linear=0
shrinkage=0.05


Tree=70
num_leaves=8
num_cat=0
split_feature=1 1 0 0 0 0 1
split_gain=0.171905 0.106859 0.0819282 0.143284 0.124865 0.0248538 0.0554765
threshold=16.519788204978617 26.832334913210552 18.766619198876406 19.89452682039321 18.327555332996827 15.362763664702124 15.832054122226113
decision_type=2 2 2 2 2 2 2
left_child=5 2 4 -4 -2 -1 -7
right_child=1 -3 3 -5 -6 6 -8
leaf_value=-0.03821829686591869 -4.939324993334608e-05 0.060651660665913459 -0.14367773875170284 0.00074977340408463643 0.076327572025360696 0.027034132127146029 -0.12133697559627216
leaf_weight=68 134 39 105 434 44 37 39
leaf_count=68 134 39 105 434 44 37 39
internal_value=-0.000222223 7.93645e-05 -5.92754e-05 -0.00036642 0.000870786 -0.00180556 -0.00118421
internal_weight=900 756 717 539 178 144 76
internal_count=900 756 717 539 178 144 76
is_linear=0
shrinkage=0.05


Tree=71
num_leaves=8
num_cat=0
split_feature=1 1 0 0 0 0 1
split_gain=0.171905 0.106859 0.0819282 0.143284 0.124865 0.0248538 0.0554765
threshold=16.519788204978617 26.832334913210552 18.766619198876406 19.89452682039321 18.327555332996827 15.362763664702124 15.832054122226113
decision_type=2 2 2 2 2 2 2
left_child=5 2 4 -4 -2 -1 -7
right_child=1 -3 3 -5 -6 6 -8
leaf_value=-0.036307382022622826 -4.6923587436616994e-05 0.057619077632617893 -0.13649385181411774 0.00071228473388040316 0.072511193424092554 0.025682425520788768 -0.11527012681645857
leaf_weight=68 134 39 105 434 44 37 39
leaf_count=68 134 39 105 434 44 37 39
internal_value=-0.000222223 7.93645e-05 -5.92754e-05 -0.00036642 0.000870786 -0.00180556 -0.00118421
internal_weight=900 756 717 539 178 144 76
internal_count=900 756 717 539 178 144 76
is_linear=0
shrinkage=0.05


Tree=72
num_leaves=7
num_cat=0
split_feature=1 1 0 0 0 1
split_gain=0.160053 0.112477 0.0789239 0.0730517 0.0248538 0.0554765
threshold=16.519788204978617 26.832334913210552 16.815032135048103 17.373472005261267 15.362763664702124 15.832054122226113
decision_type=2 2 2 2 2 2
left_child=4 2 -2 -4 -1 -6
right_child=1 -3 3 -5 5 -7
leaf_value=-0.034492012921491622 0.49446413243131676 0.054738123750986745 -0.049660696769104833 -0.0019074441474815672 0.024398304244749359 -0.10950662047563564
leaf_weight=68 31 39 34 652 37 39
leaf_count=68 31 39 34 652 37 39
internal_value=-0.000277778 1.32269e-05 -0.00012901 -0.000240525 -0.00180556 -0.00118421
internal_weight=900 756 717 686 144 76
internal_count=900 756 717 686 144 76
is_linear=0
shrinkage=0.05


Tree=73
num_leaves=8
num_cat=0
split_feature=0 1 0 1 1 0 0
split_gain=0.160053 0.121028 0.0725854 0.0668123 0.0333643 0.0248538 0.0723684
threshold=16.616277889998432 26.832334913210552 17.620055320462118 17.700283091000156 17.111220049367031 15.362763664702124 16.00165953938173
decision_type=2 2 2 2 2 2 2
left_child=5 2 4 -4 -2 -1 -7
right_child=1 -3 3 -5 -6 6 -8
leaf_value=-0.032767412275417129 -0.033824734845275595 0.053138474456895325 -0.7579526115705324 -0.0021210831803953533 0.053493300107718203 0.29316211537099957 -0.11276275144896666
leaf_weight=68 37 38 33 606 42 32 44
leaf_count=68 37 38 33 606 42 32 44
internal_value=-0.000277778 1.32269e-05 -0.000132313 -0.000309077 0.00129747 -0.00180556 -0.00118421
internal_weight=900 756 718 639 79 144 76
internal_count=900 756 718 639 79 144 76
is_linear=0
shrinkage=0.05


Tree=74
num_leaves=10
num_cat=0
split_feature=0 1 0 1 1 0 0 0 0
split_gain=0.171978 0.171576 0.149001 0.141351 0.135256 0.0373626 0.0675325 0.0369212 0.0146104
threshold=17.373472005261267 18.210835875934226 19.89452682039321 26.832334913210552 17.466345233680826 15.362763664702124 16.764673210470828 19.179328166051231 16.320034425788645
decision_type=2 2 2 2 2 2 2 2 2
left_child=5 4 7 -4 -2 -1 8 -3 -7
right_child=1 2 3 -5 -6 6 -8 -9 -10
leaf_value=-0.031129041661646185 -0.02218203660533178 -0.078113091925241435 0.00087809686358021925 0.055030578307880523 0.090760811645531847 -0.083628511432232475 -0.056963661202449591 -0.12792097168038039 0.23938752851201081
leaf_weight=68 36 94 434 34 35 56 52 59 32
leaf_count=68 36 94 434 34 35 56 52 59 32
internal_value=-0.000277778 0.000101155 -0.000165057 0.000277777 0.00242958 -0.00153846 -0.00107143 -0.00151961 -0.000227273
internal_weight=900 692 621 468 71 208 140 153 88
internal_count=900 692 621 468 71 208 140 153 88
is_linear=0
shrinkage=0.05


Tree=75
num_leaves=8
num_cat=0
split_feature=0 1 0 1 0 0 0
split_gain=0.18418 0.109664 0.120567 0.234304 0.143284 0.0248538 0.0723684
threshold=16.616277889998432 26.832334913210552 18.766619198876406 17.962714159978724 19.89452682039321 15.362763664702124 16.00165953938173
decision_type=2 2 2 2 2 2 2
left_child=5 2 3 -2 -4 -1 -7
right_child=1 -3 4 -5 -6 6 -8
leaf_value=-0.02957258957856386 -0.046839550864745616 0.047730021818656355 -0.12307168427299889 0.062959698007741066 0.00083419202040119808 0.28268543517406108 -0.10536581688338889
leaf_weight=68 112 38 105 67 434 32 44
leaf_count=68 112 38 105 67 434 32 44
internal_value=-0.000166667 0.000145502 6.96319e-06 0.00113128 -0.00036642 -0.00180556 -0.00118421
internal_weight=900 756 718 179 539 144 76
internal_count=900 756 718 179 539 144 76
is_linear=0
shrinkage=0.05


Tree=76
num_leaves=10
num_cat=0
split_feature=0 1 0 1 1 0 0 0 0
split_gain=0.171978 0.171576 0.149001 0.141351 0.135256 0.0373626 0.0675325 0.0369212 0.0146104
threshold=17.373472005261267 18.210835875934226 19.89452682039321 26.832334913210552 17.466345233680826 15.362763664702124 16.764673210470828 19.179328166051231 16.320034425788645
decision_type=2 2 2 2 2 2 2 2 2
left_child=5 4 7 -4 -2 -1 8 -3 -7
right_child=1 2 3 -5 -6 6 -8 -9 -10
leaf_value=-0.028093960099635676 -0.018730957231827827 -0.071309391993091206 0.00079248241938107463 0.049892548301554034 0.084721772670810297 -0.086089230827020358 -0.054528931640491052 -0.11537133888271126 0.23136960302657572
leaf_weight=68 36 94 434 34 35 56 52 59 32
leaf_count=68 36 94 434 34 35 56 52 59 32
internal_value=-0.000277778 0.000101155 -0.000165057 0.000277777 0.00242958 -0.00153846 -0.00107143 -0.00151961 -0.000227273
internal_weight=900 692 621 468 71 208 140 153 88
internal_count=900 692 621 468 71 208 140 153 88
is_linear=0
shrinkage=0.05


Tree=77
num_leaves=8
num_cat=0
split_feature=0 1 0 1 0 0 0
split_gain=0.18418 0.109664 0.120567 0.234304 0.143284 0.0248538 0.0723684
threshold=16.616277889998432 26.832334913210552 18.766619198876406 17.962714159978724 19.89452682039321 15.362763664702124 16.00165953938173
decision_type=2 2 2 2 2 2 2
left_child=5 2 3 -2 -4 -1 -7
right_child=1 -3 4 -5 -6 6 -8
leaf_value=-0.026689262094653901 -0.041771126739483785 0.042848893312645943 -0.11114953311521336 0.057916098081892277 0.00075285829841200173 0.27285562495670906 -0.098174013888239431
leaf_weight=68 112 38 105 67 434 32 44
leaf_count=68 112 38 105 67 434 32 44
internal_value=-0.000166667 0.000145502 6.96319e-06 0.00113128 -0.00036642 -0.00180556 -0.00118421
internal_weight=900 756 718 179 539 144 76
internal_count=900 756 718 179 539 144 76
is_linear=0
shrinkage=0.05


Tree=78
num_leaves=10
num_cat=0
split_feature=0 1 0 1 1 0 0 0 0
split_gain=0.171978 0.171576 0.149001 0.141351 0.135256 0.0373626 0.0675325 0.0369212 0.0146104
threshold=17.373472005261267 18.210835875934226 19.89452682039321 26.832334913210552 17.466345233680826 15.362763664702124 16.764673210470828 19.179328166051231 16.320034425788645
decision_type=2 2 2 2 2 2 2 2 2
left_child=5 4 7 -4 -2 -1 8 -3 -7
right_child=1 2 3 -5 -6 6 -8 -9 -10
leaf_value=-0.025354798989921257 -0.015705853033262263 -0.065145084911925305 0.00071521538349139137 0.04525547622084361 0.079085185485276502 -0.076876068591257313 -0.049783513576598985 -0.10404529528281509 0.22344075965099292
leaf_weight=68 36 94 434 34 35 56 52 59 32
leaf_count=68 36 94 434 34 35 56 52 59 32
internal_value=-0.000277778 0.000101155 -0.000165057 0.000277777 0.00242958 -0.00153846 -0.00107143 -0.00151961 -0.000227273
internal_weight=900 692 621 468 71 208 140 153 88
internal_count=900 692 621 468 71 208 140 153 88
is_linear=0
shrinkage=0.05


Tree=79
num_leaves=5
num_cat=0
split_feature=1 1 1 1
split_gain=0.12598 0.109931 0.0724043 0.087808
threshold=14.709172439466368 26.832334913210552 25.340137138987021 23.659798031075194
decision_type=2 2 2 2
left_child=-1 2 3 -2
right_child=1 -3 -4 -5
leaf_value=-0.17684409955917282 -0.0091882028034746804 0.037306417942513548 -0.18058547541265663 0.10709251316756281
leaf_weight=52 707 39 30 72
leaf_count=52 707 39 30 72
internal_value=-0.000111112 3.53768e-05 -8.96174e-05 3.20865e-06
internal_weight=900 848 809 779
internal_count=900 848 809 779
is_linear=0
shrinkage=0.05


Tree=80
num_leaves=5
num_cat=0
split_feature=1 1 1 1
split_gain=0.12598 0.109931 0.0724043 0.087808
threshold=14.709172439466368 26.832334913210552 25.340137138987021 23.659798031075194
decision_type=2 2 2 2
left_child=-1 2 3 -2
right_child=1 -3 -4 -5
leaf_value=-0.1680018945812142 -0.0087287926633009133 0.035441097045387691 -0.17155620164202384 0.10173788750918455
leaf_weight=52 707 39 30 72
leaf_count=52 707 39 30 72
internal_value=-0.000111112 3.53768e-05 -8.96174e-05 3.20865e-06
internal_weight=900 848 809 779
internal_count=900 848 809 779
is_linear=0
shrinkage=0.05


Tree=81
num_leaves=6
num_cat=0
split_feature=1 1 0 1 1
split_gain=0.127376 0.1078 0.0998453 0.238444 0.0454779
threshold=26.832334913210552 14.709172439466368 21.835335412159278 21.266101911567702 23.007105512437473
decision_type=2 2 2 2 2
left_child=1 -1 3 -3 -4
right_child=-2 2 4 -5 -6
leaf_value=-0.15960179985215356 0.033669042193118059 -0.017299852214022676 -0.069227755397850144 0.10760768265032039 -0.013305722889432514
leaf_weight=52 39 498 87 75 149
leaf_count=52 39 498 87 75 149
internal_value=-0.000166667 -0.000293264 -0.000151422 0.00020506 -0.00101695
internal_weight=900 861 809 573 236
internal_count=900 861 809 573 236
is_linear=0
shrinkage=0.05


Tree=82
num_leaves=5
num_cat=0
split_feature=1 1 0 1
split_gain=0.127376 0.1078 0.0977401 0.0985874
threshold=26.832334913210552 14.709172439466368 24.754131024647325 22.737545878291723
decision_type=2 2 2 2
left_child=1 -1 3 -3
right_child=-2 2 -4 -5
leaf_value=-0.15162170985954582 0.031985590083462516 -0.01448391758815388 -0.28768971063160687 0.092656578167437706
leaf_weight=52 39 632 42 135
leaf_count=52 39 632 42 135
internal_value=-0.000166667 -0.000293264 -0.000151422 -2.28168e-05
internal_weight=900 861 809 767
internal_count=900 861 809 767
is_linear=0
shrinkage=0.05


Tree=83
num_leaves=5
num_cat=0
split_feature=1 1 1 1
split_gain=0.127376 0.1078 0.0687389 0.0947149
threshold=26.832334913210552 14.709172439466368 25.340137138987021 23.659798031075194
decision_type=2 2 2 2
left_child=1 -1 3 -3
right_child=-2 2 -4 -5
leaf_value=-0.14404062436656845 0.030386310579289245 -0.0067031645400269096 -0.15838813625142661 0.089962903862151097
leaf_weight=52 39 707 30 72
leaf_count=52 39 707 30 72
internal_value=-0.000166667 -0.000293264 -0.000151422 -6.09762e-05
internal_weight=900 861 809 779
internal_count=900 861 809 779
is_linear=0
shrinkage=0.05


Tree=84
num_leaves=5
num_cat=0
split_feature=1 1 1 1
split_gain=0.127376 0.1078 0.0687389 0.0947149
threshold=26.832334913210552 14.709172439466368 25.340137138987021 23.659798031075194
decision_type=2 2 2 2
left_child=1 -1 3 -3
right_child=-2 2 -4 -5
leaf_value=-0.13683859314824007 0.02886699505032482 -0.0063680063130255237 -0.15046872943885536 0.085464758669043531
leaf_weight=52 39 707 30 72
leaf_count=52 39 707 30 72
internal_value=-0.000166667 -0.000293264 -0.000151422 -6.09762e-05
internal_weight=900 861 809 779
internal_count=900 861 809 779
is_linear=0
shrinkage=0.05


Tree=85
num_leaves=5
num_cat=0
split_feature=1 1 1 1
split_gain=0.127376 0.1078 0.0687389 0.0947149
threshold=26.832334913210552 14.709172439466368 25.340137138987021 23.659798031075194
decision_type=2 2 2 2
left_child=1 -1 3 -3
right_child=-2 2 -4 -5
leaf_value=-0.12999666349082803 0.027423645297808719 -0.0060496059973742774 -0.14294529296691258 0.081191520735591508
leaf_weight=52 39 707 30 72
leaf_count=52 39 707 30 72
internal_value=-0.000166667 -0.000293264 -0.000151422 -6.09762e-05
internal_weight=900 861 809 779
internal_count=900 861 809 779
is_linear=0
shrinkage=0.05


Tree=86
num_leaves=7
num_cat=0
split_feature=1 1 0 1 0 0
split_gain=0.129661 0.100195 0.118199 0.144902 0.0437394 0.0258792
threshold=24.581384619054813 14.709172439466368 21.835335412159278 21.266101911567702 25.267357778252208 23.69365023598224
decision_type=2 2 2 2 2 2
left_child=1 -1 3 -3 -2 -4
right_child=4 2 5 -5 -6 -7
leaf_value=-0.12349683031628658 0.051847683077085233 -0.014754624881392337 -0.05993175549777377 0.088899597685668685 -0.017481248738432955 -0.46354843708225957
leaf_weight=52 49 498 137 75 50 39
leaf_count=52 49 498 137 75 50 39
internal_value=-0.000166667 -0.000377654 -0.000230308 0.0001178 0.0015404 -0.00136364
internal_weight=900 801 749 573 99 176
internal_count=900 801 749 573 99 176
is_linear=0
shrinkage=0.05


Tree=87
num_leaves=8
num_cat=0
split_feature=1 1 1 0 1 1 0
split_gain=0.163825 0.168853 0.195209 0.129993 0.155243 0.101443 0.0822645
threshold=22.845373838859633 21.775332762794523 21.42495649223914 22.416126290499768 25.951477019974433 14.709172439466368 23.014872241977915
decision_type=2 2 2 2 2 2 2
left_child=1 2 5 -2 6 -1 -5
right_child=3 -3 -4 4 -6 -7 -8
leaf_value=-0.11732198880047218 0.088335840958692805 -0.044988173604680576 0.28547403719835601 -0.11883204669032901 0.023962483551065901 -0.014016895187800452 0.019718425908131835
leaf_weight=52 30 90 33 31 44 518 102
leaf_count=52 30 90 33 31 44 518 102
internal_value=-0.000111112 -0.000479799 -0.000178276 0.00112319 0.000607344 -0.000394737 -0.000244361
internal_weight=900 693 603 207 177 570 133
internal_count=900 693 603 207 177 570 133
is_linear=0
shrinkage=0.05


Tree=88
num_leaves=9
num_cat=0
split_feature=1 1 1 1 1 1 0 0
split_gain=0.182717 0.179294 0.114094 0.0619742 0.0467193 0.150341 0.0437394 0.0012987
threshold=23.007105512437473 21.775332762794523 14.709172439466368 21.266101911567702 23.785200360201681 24.581384619054813 25.267357778252208 22.940231577029063
decision_type=2 2 2 2 2 2 2 2
left_child=1 2 -1 -4 7 -6 -7 -2
right_child=4 -3 3 -5 5 6 -8 -9
leaf_value=-0.11145588936044853 0.081590319458071603 -0.039160815144250141 -0.014779739796609272 0.15508363181685206 -0.176938053777804 0.048184496353542244 -0.01780531047906422 0.13861792411095539
leaf_weight=52 33 105 503 48 30 49 50 30
leaf_count=52 33 105 503 48 30 49 50 30
internal_value=-0.000222223 -0.000593221 -0.000261195 -4.99099e-05 0.00114583 0.000600775 0.0015404 0.0022619
internal_weight=900 708 603 551 192 129 99 63
internal_count=900 708 603 551 192 129 99 63
is_linear=0
shrinkage=0.05


Tree=89
num_leaves=6
num_cat=0
split_feature=1 1 0 1 1
split_gain=0.13249 0.102201 0.0860951 0.144902 0.121232
threshold=26.832334913210552 14.709172439466368 21.835335412159278 21.266101911567702 23.007105512437473
decision_type=2 2 2 2 2
left_child=1 -1 3 -3 -4
right_child=-2 2 4 -5 -6
leaf_value=-0.10588309489242605 0.026618666816240477 -0.012577061888102299 -0.056882095693693235 0.075958309780547073 -0.015091835848070737
leaf_weight=52 39 498 87 75 149
leaf_count=52 39 498 87 75 149
internal_value=-0.000222223 -0.000351336 -0.000213227 0.0001178 -0.00101695
internal_weight=900 861 809 573 236
internal_count=900 861 809 573 236
is_linear=0
shrinkage=0.05


Tree=90
num_leaves=6
num_cat=0
split_feature=1 1 0 1 1
split_gain=0.13249 0.102201 0.0845008 0.189271 0.110134
threshold=26.832334913210552 14.709172439466368 21.321098536207092 21.672235639490811 22.845373838859633
decision_type=2 2 2 2 2
left_child=1 -1 3 -3 -4
right_child=-2 2 4 -5 -6
leaf_value=-0.10058894014780471 0.025287733475428811 -0.0049291564844646946 -0.035923612989315859 0.13444856458231047 -0.007420817194223172
leaf_weight=52 39 495 118 31 165
leaf_count=52 39 495 118 31 165
internal_value=-0.000222223 -0.000351336 -0.000213227 0.000161596 -0.000909895
internal_weight=900 861 809 526 283
internal_count=900 861 809 526 283
is_linear=0
shrinkage=0.05


Tree=91
num_leaves=6
num_cat=0
split_feature=1 1 0 1 1
split_gain=0.13249 0.102201 0.0845008 0.189271 0.110134
threshold=26.832334913210552 14.709172439466368 21.321098536207092 21.672235639490811 22.845373838859633
decision_type=2 2 2 2 2
left_child=1 -1 3 -3 -4
right_child=-2 2 4 -5 -6
leaf_value=-0.095559493140414453 0.024023346801657654 -0.0046826986602414387 -0.034127432339850119 0.12772613635319513 -0.0070497763345120134
leaf_weight=52 39 495 118 31 165
leaf_count=52 39 495 118 31 165
internal_value=-0.000222223 -0.000351336 -0.000213227 0.000161596 -0.000909895
internal_weight=900 861 809 526 283
internal_count=900 861 809 526 283
is_linear=0
shrinkage=0.05


Tree=92
num_leaves=8
num_cat=0
split_feature=1 0 0 1 1 0 0
split_gain=0.163825 0.135246 0.129993 0.155243 0.116157 0.0822645 0.0502806
threshold=22.845373838859633 21.835335412159278 22.416126290499768 25.951477019974433 14.709172439466368 23.014872241977915 18.766619198876406
decision_type=2 2 2 2 2 2 2
left_child=1 4 -2 5 -1 -4 -6
right_child=2 -3 3 -5 6 -7 -8
leaf_value=-0.090781518483393775 0.062932882402052109 -0.055252018590038754 -0.10256542019808224 0.019363212300237159 0.0090736564440723338 0.013505818889566158 -0.031682852940310723
leaf_weight=52 30 74 31 44 270 102 297
leaf_count=52 30 74 31 44 270 102 297
internal_value=-0.000111112 -0.000479799 0.00112319 0.000607344 -0.000238288 -0.000244361 -3.08648e-05
internal_weight=900 693 207 177 619 133 567
internal_count=900 693 207 177 619 133 567
is_linear=0
shrinkage=0.05


Tree=93
num_leaves=6
num_cat=0
split_feature=1 1 0 1 1
split_gain=0.13249 0.102201 0.0860951 0.144902 0.121232
threshold=26.832334913210552 14.709172439466368 21.835335412159278 21.266101911567702 23.007105512437473
decision_type=2 2 2 2 2
left_child=1 -1 3 -3 -4
right_child=-2 2 4 -5 -6
leaf_value=-0.086242442559224142 0.021854018846563152 -0.011921298858665615 -0.047772837713048272 0.067737989950176949 -0.01446472660931966
leaf_weight=52 39 498 87 75 149
leaf_count=52 39 498 87 75 149
internal_value=-0.000222223 -0.000351336 -0.000213227 0.0001178 -0.00101695
internal_weight=900 861 809 573 236
internal_count=900 861 809 573 236
is_linear=0
shrinkage=0.05


Tree=94
num_leaves=5
num_cat=0
split_feature=1 1 1 1
split_gain=0.127376 0.1078 0.0687389 0.0947149
threshold=26.832334913210552 14.709172439466368 25.340137138987021 23.659798031075194
decision_type=2 2 2 2
left_child=1 -1 3 -3
right_child=-2 2 -4 -5
leaf_value=-0.081930320431262874 0.020761317904234744 -0.0058780186608752109 -0.13744210059537595 0.056407229160841503
leaf_weight=52 39 707 30 72
leaf_count=52 39 707 30 72
internal_value=-0.000166667 -0.000293264 -0.000151422 -6.09762e-05
internal_weight=900 861 809 779
internal_count=900 861 809 779
is_linear=0
shrinkage=0.05


Tree=95
num_leaves=8
num_cat=0
split_feature=1 1 1 0 1 1 0
split_gain=0.163825 0.168853 0.195209 0.129993 0.155243 0.101443 0.0822645
threshold=22.845373838859633 21.775332762794523 21.42495649223914 22.416126290499768 25.951477019974433 14.709172439466368 23.014872241977915
decision_type=2 2 2 2 2 2 2
left_child=1 2 5 -2 6 -1 -5
right_child=3 -3 -4 4 -6 -7 -8
leaf_value=-0.077833804409699781 0.055291820564873785 -0.036466719909671111 0.24503064729434387 -0.099534274315754137 0.016264284847685464 -0.011031334533166119 0.010733402817511971
leaf_weight=52 30 90 33 31 44 518 102
leaf_count=52 30 90 33 31 44 518 102
internal_value=-0.000111112 -0.000479799 -0.000178276 0.00112319 0.000607344 -0.000394737 -0.000244361
internal_weight=900 693 603 207 177 570 133
internal_count=900 693 603 207 177 570 133
is_linear=0
shrinkage=0.05


Tree=96
num_leaves=8
num_cat=0
split_feature=1 0 1 0 1 0 0
split_gain=0.141828 0.134911 0.116832 0.219955 0.0537037 0.034022 0.115264
threshold=23.659798031075194 21.835335412159278 14.503120384908327 15.733307116918477 23.007105512437473 24.244779496016815 25.267357778252208
decision_type=2 2 2 2 2 2 2
left_child=1 2 -1 -4 -3 -2 -7
right_child=5 4 3 -5 -6 6 -8
leaf_value=-0.11270025828973296 -0.0016955970103544327 -0.04326695889886846 0.043765142522378224 -0.0038929715617377933 -0.13628222586074731 0.02721349485301924 -0.029208025683644223
leaf_weight=44 52 87 40 540 48 38 51
leaf_count=44 52 87 40 540 48 38 51
internal_value=-5.55562e-05 -0.000326088 -1.60262e-05 0.000172413 -0.00175926 0.00140071 0.00199438
internal_weight=900 759 624 580 135 141 89
internal_count=900 759 624 580 135 141 89
is_linear=0
shrinkage=0.05


Tree=97
num_leaves=8
num_cat=0
split_feature=1 0 0 1 1 0 0
split_gain=0.163825 0.135246 0.129993 0.155243 0.116157 0.0822645 0.0502806
threshold=22.845373838859633 21.835335412159278 22.416126290499768 25.951477019974433 14.709172439466368 23.014872241977915 18.766619198876406
decision_type=2 2 2 2 2 2 2
left_child=1 4 -2 5 -1 -4 -6
right_child=2 -3 3 -5 6 -7 -8
leaf_value=-0.068307101274728055 0.052672437149328455 -0.045820190901413552 -0.094472780749448912 0.016488309039375242 0.010256154802590893 0.0089083324039908839 -0.030012426985449259
leaf_weight=52 30 74 31 44 270 102 297
leaf_count=52 30 74 31 44 270 102 297
internal_value=-0.000111112 -0.000479799 0.00112319 0.000607344 -0.000238288 -0.000244361 -3.08648e-05
internal_weight=900 693 207 177 619 133 567
internal_count=900 693 207 177 619 133 567
is_linear=0
shrinkage=0.05


Tree=98
num_leaves=9
num_cat=0
split_feature=1 0 1 0 1 1 0 0
split_gain=0.154242 0.166414 0.103272 0.106334 0.0467193 0.150341 0.0437394 0.0012987
threshold=23.007105512437473 21.835335412159278 14.503120384908327 15.733307116918477 23.785200360201681 24.581384619054813 25.267357778252208 22.940231577029063
decision_type=2 2 2 2 2 2 2 2
left_child=1 2 -1 -4 7 -6 -7 -2
right_child=4 -3 3 -5 5 6 -8 -9
leaf_value=-0.10364989031150991 0.047226466056073384 -0.038812601408854376 0.041064077656129787 -0.0046668476782710548 -0.15379675113396793 0.040502818522726192 -0.02398768817249888 0.12884497132500647
leaf_weight=44 33 87 40 537 30 49 50 30
leaf_count=44 33 87 40 537 30 49 50 30
internal_value=-0.000111112 -0.000451978 -0.000165057 1.29977e-05 0.00114583 0.000600775 0.0015404 0.0022619
internal_weight=900 708 621 577 192 129 99 63
internal_count=900 708 621 577 192 129 99 63
is_linear=0
shrinkage=0.05


Tree=99
num_leaves=8
num_cat=0
split_feature=1 0 0 1 1 0 0
split_gain=0.163825 0.135246 0.129993 0.155243 0.116157 0.0822645 0.0502806
threshold=22.845373838859633 21.835335412159278 22.416126290499768 25.951477019974433 14.709172439466368 23.014872241977915 18.766619198876406
decision_type=2 2 2 2 2 2 2
left_child=1 4 -2 5 -1 -4 -6
right_child=2 -3 3 -5 6 -7 -8
leaf_value=-0.059709251695416299 0.047677491989058463 -0.041588551285900235 -0.082059304155278109 0.01637959754292569 0.009976689446375012 0.0022415279178052898 -0.028278463252263089
leaf_weight=52 30 74 31 44 270 102 297
leaf_count=52 30 74 31 44 270 102 297
internal_value=-0.000111112 -0.000479799 0.00112319 0.000607344 -0.000238288 -0.000244361 -3.08648e-05
internal_weight=900 693 207 177 619 133 567
internal_count=900 693 207 177 619 133 567
is_linear=0
shrinkage=0.05


Tree=100
num_leaves=8
num_cat=0
split_feature=1 0 1 1 1 0 0
split_gain=0.148148 0.21335 0.177915 0.138684 0.102339 0.107322 0.086758
threshold=22.623343258199103 22.2912551613238 25.951477019974433 21.775332762794523 14.503120384908327 15.733307116918477 23.014872241977915
decision_type=2 2 2 2 2 2 2
left_child=3 -2 6 4 -1 -6 -3
right_child=1 2 -4 -5 5 -7 -8
leaf_value=-0.095481933211163661 0.040606368663291037 -0.053171600244005392 0.015560617665779569 -0.030875693947714083 0.038512039301004469 -0.018298047088636971 -0.011228256665283209
leaf_weight=44 35 38 44 72 40 519 108
leaf_count=44 35 38 44 72 40 519 108
internal_value=-5.55562e-05 0.00105555 0.000394736 -0.000425927 -0.000178276 4.47168e-06 -0.000445206
internal_weight=900 225 190 675 603 559 146
internal_count=900 225 190 675 603 559 146
is_linear=0
shrinkage=0.05


Tree=101
num_leaves=8
num_cat=0
split_feature=1 0 1 1 1 0 0
split_gain=0.16222 0.235674 0.179572 0.122989 0.102339 0.107322 0.0794264
threshold=22.444062662440455 22.326109831368573 25.951477019974433 21.775332762794523 14.503120384908327 15.733307116918477 23.014872241977915
decision_type=2 2 2 2 2 2 2
left_child=3 -2 6 4 -1 -6 -3
right_child=1 2 -4 -5 5 -7 -8
leaf_value=-0.090707836550605422 0.029906116563515779 -0.086501196649097056 0.014782586782490418 -0.061893525111371195 0.036586437335954257 -0.017383144734205047 -0.017345697925618186
leaf_weight=44 43 36 44 63 40 519 111
leaf_count=44 43 36 44 63 40 519 111
internal_value=-5.96046e-10 0.00113248 0.000379581 -0.000397898 -0.000178276 4.47168e-06 -0.000459184
internal_weight=900 234 191 666 603 559 147
internal_count=900 234 191 666 603 559 147
is_linear=0
shrinkage=0.05


Tree=102
num_leaves=8
num_cat=0
split_feature=0 1 0 1 0 0 0
split_gain=0.171905 0.115276 0.135965 0.234304 0.127694 0.0248538 0.0723684
threshold=16.616277889998432 26.832334913210552 18.766619198876406 17.962714159978724 19.89452682039321 15.362763664702124 16.00165953938173
decision_type=2 2 2 2 2 2 2
left_child=5 2 3 -2 -4 -1 -7
right_child=1 -3 4 -5 -6 6 -8
leaf_value=-0.011950660799907987 -0.028277050651654031 0.019546524801375399 -0.085509435429733105 0.062145837705401122 -0.00042926563920641519 0.26176455581654612 -0.082757549601175331
leaf_weight=68 112 38 105 67 434 32 44
leaf_count=68 112 38 105 67 434 32 44
internal_value=-0.000222223 7.93645e-05 -6.26747e-05 0.00113128 -0.000459184 -0.00180556 -0.00118421
internal_weight=900 756 718 179 539 144 76
internal_count=900 756 718 179 539 144 76
is_linear=0
shrinkage=0.05


Tree=103
num_leaves=8
num_cat=0
split_feature=0 1 0 1 0 0 0
split_gain=0.171905 0.115276 0.135965 0.234304 0.127694 0.0248538 0.0723684
threshold=16.616277889998432 26.832334913210552 18.766619198876406 17.962714159978724 19.89452682039321 15.362763664702124 16.00165953938173
decision_type=2 2 2 2 2 2 2
left_child=5 2 3 -2 -4 -1 -7
right_child=1 -3 4 -5 -6 6 -8
leaf_value=-0.011353127759912596 -0.026863198119071393 0.018569198561306878 -0.081233963658246533 0.059038545820131065 -0.00040780235724614962 0.24867632802571871 -0.078619672121116535
leaf_weight=68 112 38 105 67 434 32 44
leaf_count=68 112 38 105 67 434 32 44
internal_value=-0.000222223 7.93645e-05 -6.26747e-05 0.00113128 -0.000459184 -0.00180556 -0.00118421
internal_weight=900 756 718 179 539 144 76
internal_count=900 756 718 179 539 144 76
is_linear=0
shrinkage=0.05


Tree=104
num_leaves=5
num_cat=0
split_feature=1 1 1 1
split_gain=0.127376 0.1078 0.0687389 0.0947149
threshold=26.832334913210552 14.709172439466368 25.340137138987021 23.659798031075194
decision_type=2 2 2 2
left_child=1 -1 3 -3
right_child=-2 2 -4 -5
leaf_value=-0.046249111194565984 0.016503481739783867 -0.0084198715463854341 -0.13279763901360048 0.045434748678546667
leaf_weight=52 39 707 30 72
leaf_count=52 39 707 30 72
internal_value=-0.000166667 -0.000293264 -0.000151422 -6.09762e-05
internal_weight=900 861 809 779
internal_count=900 861 809 779
is_linear=0
shrinkage=0.05


Tree=105
num_leaves=5
num_cat=0
split_feature=1 0 0 0
split_gain=0.110571 0.0991021 0.155618 0.0881118
threshold=14.503120384908327 15.733307116918477 16.616277889998432 18.766619198876406
decision_type=2 2 2 2
left_child=-1 -2 -3 -4
right_child=1 2 3 -5
leaf_value=-0.082694799735355859 0.036288911908965459 -0.13104315933550087 0.040405761786710237 -0.0020508301014692506
leaf_weight=44 40 60 180 576
leaf_count=44 40 60 180 576
internal_value=-5.55562e-05 7.00929e-05 -4.90202e-05 0.000145502
internal_weight=900 856 816 756
internal_count=900 856 816 756
is_linear=0
shrinkage=0.05


Tree=106
num_leaves=11
num_cat=0
split_feature=0 0 1 1 0 0 0 0 1 1
split_gain=0.134934 0.076455 0.225502 0.381631 0.20584 0.12319 0.0956217 0.0446429 0.117857 0.0139966
threshold=16.616277889998432 18.766619198876406 17.962714159978724 19.015994771861653 19.89452682039321 20.494770578837866 17.373472005261267 15.733307116918477 14.503120384908327 19.694852814405934
decision_type=2 2 2 2 2 2 2 2 2 2
left_child=7 2 6 -4 9 -6 -2 8 -1 -3
right_child=1 4 3 -5 5 -7 -8 -9 -10 -11
leaf_value=-0.078560059748587999 -0.038261874721523974 -0.23255215382600822 0.25859576650747806 -0.18453937803078749 0.29033993007866243 -0.00014744790498942003 0.076007822227774219 -0.1244910013687258 0.034474466313517207 -0.05486368812054359
leaf_weight=44 59 65 38 30 60 408 53 60 40 43
leaf_count=44 59 65 38 30 60 408 53 60 40 43
internal_value=-5.55562e-05 0.00021164 0.00111111 0.00338235 -6.9445e-05 0.000384615 -0.000267858 -0.00145833 -0.000714286 -0.00203704
internal_weight=900 756 180 68 576 468 112 144 84 108
internal_count=900 756 180 68 576 468 112 144 84 108
is_linear=0
shrinkage=0.05


Tree=107
num_leaves=8
num_cat=0
split_feature=1 0 0 1 1 0 1
split_gain=0.149032 0.266752 0.12579 0.106046 0.21291 0.0677934 0.0503739
threshold=22.444062662440455 22.326109831368573 23.014872241977915 21.775332762794523 21.42495649223914 17.373472005261267 23.704874097732201
decision_type=2 2 2 2 2 2 2
left_child=3 -2 -3 4 5 -1 -4
right_child=1 2 6 -5 -6 -7 -8
leaf_value=-0.013278000930469117 0.026560115050876465 -0.086536794493181024 -0.38413329808190549 -0.058226087978337698 0.22976384399200317 -0.016959288050911757 0.013513708261803398
leaf_weight=207 43 37 33 63 33 363 121
leaf_count=207 43 37 33 63 33 363 121
internal_value=-0.000166667 0.000918803 0.0001178 -0.000548049 -0.000344113 -0.000570176 0.000746753
internal_weight=900 234 191 666 603 570 154
internal_count=900 234 191 666 603 570 154
is_linear=0
shrinkage=0.05


Tree=108
num_leaves=10
num_cat=0
split_feature=1 0 0 1 1 1 0 0 0
split_gain=0.145011 0.133765 0.0974235 0.196352 0.0710652 0.115105 0.0736441 0.0405174 0.0012987
threshold=23.007105512437473 21.835335412159278 17.373472005261267 18.210835875934226 23.785200360201681 24.581384619054813 24.754131024647325 16.764673210470828 22.940231577029063
decision_type=2 2 2 2 2 2 2 2 2
left_child=1 2 7 -4 8 -6 -7 -1 -2
right_child=4 -3 3 -5 5 6 -8 -9 -10
leaf_value=-0.0082840697570743544 0.036584759383453867 -0.036571544383320977 0.087075455219237374 -0.015454171318620825 -0.13281343893397368 0.066294735065168364 -0.0011040249200030727 -0.034643282116623819 0.12092368854553875
leaf_weight=155 33 87 71 343 30 38 61 52 30
leaf_count=155 33 87 71 343 30 38 61 52 30
internal_value=-0.000333334 -0.000663842 -0.000406603 3.62313e-05 0.000885416 0.000213178 0.00103535 -0.00129227 0.0022619
internal_weight=900 708 621 414 192 129 99 207 63
internal_count=900 708 621 414 192 129 99 207 63
is_linear=0
shrinkage=0.05


Tree=109
num_leaves=10
num_cat=0
split_feature=1 0 1 0 1 0 1 0 0
split_gain=0.107037 0.219939 0.158223 0.135314 0.110558 0.0943897 0.20004 0.0405174 0.0269803
threshold=22.623343258199103 22.326109831368573 24.581384619054813 24.920884694614276 21.775332762794523 17.373472005261267 18.210835875934226 16.764673210470828 23.69365023598224
decision_type=2 2 2 2 2 2 2 2 2
left_child=4 -2 8 -4 5 7 -7 -1 -3
right_child=1 2 3 -5 -6 6 -8 -9 -10
leaf_value=-0.0078698662692206281 0.029395089774655728 -0.038710756587497043 0.080749444205400145 0.00034542254499450586 -0.029376879851496441 0.082721682458275603 -0.028108032740764972 -0.032911118010792696 -0.42185016005825493
leaf_weight=155 38 59 30 59 72 71 325 52 39
leaf_count=155 38 59 30 59 72 71 325 52 39
internal_value=-0.000333334 0.000611111 -9.35835e-05 0.00143258 -0.000648149 -0.000427032 2.52519e-05 -0.00129227 -0.00147959
internal_weight=900 225 187 89 675 603 396 207 98
internal_count=900 225 187 89 675 603 396 207 98
is_linear=0
shrinkage=0.05


Tree=110
num_leaves=6
num_cat=0
split_feature=0 1 1 0 0
split_gain=0.0996552 0.0699116 0.128631 0.149951 0.0843206
threshold=26.084107651219067 25.340137138987021 23.007105512437473 21.807681438848551 23.766001364023584
decision_type=2 2 2 2 2
left_child=1 2 3 -1 -4
right_child=-2 -3 4 -5 -6
leaf_value=-0.0061903220300160017 0.025385778299895634 -0.062335297129499104 0.055658290262614499 -0.029205616427328825 -0.067721571115243795
leaf_weight=618 30 39 60 90 63
leaf_count=618 30 39 60 90 63
internal_value=-0.000333334 -0.000431035 -0.000333936 -0.000593221 0.00115854
internal_weight=900 870 831 708 123
internal_count=900 870 831 708 123
is_linear=0
shrinkage=0.05


Tree=111
num_leaves=8
num_cat=0
split_feature=1 0 1 1 1 0 0
split_gain=0.195613 0.235674 0.179572 0.106046 0.084344 0.0794264 0.0713977
threshold=22.444062662440455 22.326109831368573 25.951477019974433 21.775332762794523 21.266101911567702 23.014872241977915 21.109148717367781
decision_type=2 2 2 2 2 2 2
left_child=3 -2 5 4 6 -3 -1
right_child=1 2 -4 -5 -6 -7 -8
leaf_value=-0.0079002580818160698 0.019857362437888562 -0.074175971962822607 0.010173277193242486 -0.052543049951186721 0.11853308325321275 -0.012040962085638401 -0.60539732306881089
leaf_weight=513 43 36 44 63 48 111 42
leaf_count=513 43 36 44 63 48 111 42
internal_value=-0.000111112 0.00113248 0.000379581 -0.000548049 -0.000344113 -0.000459184 -0.000518019
internal_weight=900 234 191 666 603 147 555
internal_count=900 234 191 666 603 147 555
is_linear=0
shrinkage=0.05


Tree=112
num_leaves=10
num_cat=0
split_feature=1 0 1 1 0 1 1 0 0
split_gain=0.168178 0.155135 0.124562 0.123852 0.0634698 0.0467193 0.150341 0.0437394 0.0012987
threshold=23.007105512437473 21.835335412159278 21.266101911567702 21.775332762794523 21.109148717367781 23.785200360201681 24.581384619054813 25.267357778252208 22.940231577029063
decision_type=2 2 2 2 2 2 2 2 2
left_child=1 2 4 -4 -1 8 -7 -8 -2
right_child=5 -3 3 -5 -6 6 7 -9 -10
leaf_value=-0.0075052451777253282 0.029509984290523518 -0.03531621657071423 0.24468237966184858 -0.0051535170996623086 -0.58117897774350036 -0.12331134507288964 0.03067568013657393 -0.03016119828723092 0.1260288677532429
leaf_weight=513 33 87 30 41 37 30 49 50 30
leaf_count=513 33 87 30 41 37 30 49 50 30
internal_value=-0.000166667 -0.000522599 -0.000245572 0.00172535 -0.000500001 0.00114583 0.000600775 0.0015404 0.0022619
internal_weight=900 708 621 71 550 192 129 99 63
internal_count=900 708 621 71 550 192 129 99 63
is_linear=0
shrinkage=0.05


Tree=113
num_leaves=8
num_cat=0
split_feature=1 0 1 1 1 0 0
split_gain=0.149032 0.266752 0.202855 0.106046 0.084344 0.0713977 0.0662678
threshold=22.444062662440455 22.326109831368573 26.575488596511224 21.775332762794523 21.266101911567702 21.109148717367781 23.014872241977915
decision_type=2 2 2 2 2 2 2
left_child=3 -2 6 4 5 -1 -3
right_child=1 2 -4 -5 -6 -7 -8
leaf_value=-0.0071299829188390621 0.017668355347562472 -0.06430160611103683 0.022841371652685183 -0.04950740698663017 0.1003723101074598 -0.55405870105596777 -0.0052511457416063645
leaf_weight=513 43 36 32 63 48 42 123
leaf_count=513 43 36 32 63 48 42 123
internal_value=-0.000166667 0.000918803 0.0001178 -0.000548049 -0.000344113 -0.000518019 -0.000613208
internal_weight=900 234 191 666 603 555 159
internal_count=900 234 191 666 603 555 159
is_linear=0
shrinkage=0.05


Tree=114
num_leaves=6
num_cat=0
split_feature=0 1 1 1 0
split_gain=0.0957854 0.0738495 0.129173 0.157007 0.142029
threshold=26.084107651219067 25.340137138987021 22.845373838859633 21.775332762794523 22.545345598641571
decision_type=2 2 2 2 2
left_child=1 2 3 -1 -4
right_child=-2 -3 4 -5 -6
leaf_value=-0.0081680362913892808 0.023973816856965868 -0.060070904131931883 0.030367326292394848 -0.020606679331415627 0.00077313102199501056
leaf_weight=603 30 39 30 90 108
leaf_count=603 30 39 30 90 108
internal_value=-0.000277778 -0.000373564 -0.000273767 -0.000551949 0.00112319
internal_weight=900 870 831 693 138
internal_count=900 870 831 693 138
is_linear=0
shrinkage=0.05


Tree=115
num_leaves=10
num_cat=0
split_feature=1 0 1 1 0 1 1 0 0
split_gain=0.154242 0.166414 0.114593 0.123852 0.0693709 0.0467193 0.150341 0.0437394 0.0012987
threshold=23.007105512437473 21.835335412159278 21.266101911567702 21.775332762794523 21.109148717367781 23.785200360201681 24.581384619054813 25.267357778252208 22.940231577029063
decision_type=2 2 2 2 2 2 2 2 2
left_child=1 2 4 -4 -1 8 -7 -8 -2
right_child=5 -3 3 -5 -6 6 7 -9 -10
leaf_value=-0.0063650819583275014 0.025632700993999905 -0.033403489542985991 0.22783804698795262 -0.0047489245479952272 -0.52400869198895739 -0.11396935406479286 0.030309320078265863 -0.030993897798352068 0.11995132510156128
leaf_weight=513 33 87 30 41 37 30 49 50 30
leaf_count=513 33 87 30 41 37 30 49 50 30
internal_value=-0.000111112 -0.000451978 -0.000165057 0.00172535 -0.000409092 0.00114583 0.000600775 0.0015404 0.0022619
internal_weight=900 708 621 71 550 192 129 99 63
internal_count=900 708 621 71 550 192 129 99 63
is_linear=0
shrinkage=0.05


Tree=116
num_leaves=8
num_cat=0
split_feature=1 0 1 1 0 1 0
split_gain=0.178526 0.235674 0.179572 0.114361 0.0794264 0.0775313 0.0780359
threshold=22.444062662440455 22.326109831368573 25.951477019974433 21.775332762794523 23.014872241977915 21.266101911567702 21.109148717367781
decision_type=2 2 2 2 2 2 2
left_child=3 -2 4 5 -3 6 -1
right_child=1 2 -4 -5 -6 -7 -8
leaf_value=-0.0060468278604110639 0.014285674536967536 -0.056933127305556996 0.010204077106218512 -0.045620982559427065 -0.018889130942887262 0.084370194067258542 -0.49998999261252219
leaf_weight=513 43 36 44 63 111 48 42
leaf_count=513 43 36 44 63 111 48 42
internal_value=-5.55562e-05 0.00113248 0.000379581 -0.000472974 -0.000459184 -0.000261195 -0.000427929
internal_weight=900 234 191 666 147 603 555
internal_count=900 234 191 666 147 603 555
is_linear=0
shrinkage=0.05


Tree=117
num_leaves=9
num_cat=0
split_feature=1 0 0 0 1 1 0 0
split_gain=0.118173 0.151445 0.141414 0.124683 0.0602483 0.192002 0.0659215 0.0364318
threshold=22.845373838859633 22.416126290499768 21.807681438848551 23.014872241977915 21.266101911567702 21.775332762794523 14.626246042556625 26.084107651219067
decision_type=2 2 2 2 2 2 2 2
left_child=2 -2 4 -3 6 -6 -1 -5
right_child=1 3 -4 7 5 -7 -8 -9
leaf_value=0.0015773369790571324 0.026853041201226915 -0.046328853189629329 -0.02668354855231151 0.0036634941035777178 0.21222763493519181 -0.010470567973286455 -0.016878816525593515 0.023814617048724077
leaf_weight=36 30 32 77 115 30 38 512 30
leaf_count=36 30 32 77 115 30 38 512 30
internal_value=-0.000166667 0.000881642 -0.000479799 0.000324858 -0.000227273 0.00117647 -0.00040146 0.000948275
internal_weight=900 207 693 177 616 68 548 145
internal_count=900 207 693 177 616 68 548 145
is_linear=0
shrinkage=0.05


Tree=118
num_leaves=10
num_cat=0
split_feature=1 0 1 1 1 1 0 0 0
split_gain=0.108061 0.166414 0.114593 0.123852 0.0710652 0.115105 0.0736441 0.0693709 0.0012987
threshold=23.007105512437473 21.835335412159278 21.266101911567702 21.775332762794523 23.785200360201681 24.581384619054813 24.754131024647325 21.109148717367781 22.940231577029063
decision_type=2 2 2 2 2 2 2 2 2
left_child=1 2 7 -4 8 -6 -7 -1 -2
right_child=4 -3 3 -5 5 6 -8 -9 -10
leaf_value=-0.0054542358786213345 0.022294130157390166 -0.031113421365069352 0.20161625318843235 -0.0047022322204934817 -0.10310778733679404 0.05562293849934391 -0.0003391482471224384 -0.47186676982272319 0.11471504068844883
leaf_weight=513 33 87 30 41 30 38 61 37 30
leaf_count=513 33 87 30 41 30 38 61 37 30
internal_value=-0.000166667 -0.000451978 -0.000165057 0.00172535 0.000885416 0.000213178 0.00103535 -0.000409092 0.0022619
internal_weight=900 708 621 71 192 129 99 550 63
internal_count=900 708 621 71 192 129 99 550 63
is_linear=0
shrinkage=0.05


Tree=119
num_leaves=8
num_cat=0
split_feature=1 0 1 0 1 0 0
split_gain=0.0961331 0.299755 0.114361 0.10189 0.0775313 0.0780359 0.0643486
threshold=22.444062662440455 22.326109831368573 21.775332762794523 23.014872241977915 21.266101911567702 21.109148717367781 26.084107651219067
decision_type=2 2 2 2 2 2 2
left_child=2 -2 4 -3 5 -1 -5
right_child=1 3 -4 6 -6 -7 -8
leaf_value=-0.0051815240846903327 0.011494056522490543 -0.04980805983572912 -0.042368170997977732 -0.00063366711229583699 0.059459489957714398 -0.45053583800895547 0.022640843608643737
leaf_weight=513 43 37 63 124 48 42 30
leaf_count=513 43 37 63 124 48 42 30
internal_value=-0.000166667 0.000705128 -0.000472974 -0.00014398 -0.000261195 -0.000427929 0.000422077
internal_weight=900 234 666 191 603 555 154
internal_count=900 234 666 191 603 555 154
is_linear=0
shrinkage=0.05


end of trees

feature_importances:
Column_1=418
Column_0=364

parameters:
[boosting: gbdt]
[objective: quantile]
[metric: quantile]
[tree_learner: serial]
[device_type: cpu]
[data_sample_strategy: bagging]
[data: ]
[valid: ]
[num_iterations: 120]
[learning_rate: 0.05]
[num_leaves: 12]
[num_threads: 2]
[seed: 26170]
[deterministic: 0]
[force_col_wise: 0]
[force_row_wise: 0]
[histogram_pool_size: -1]
[max_depth: 4]
[min_data_in_leaf: 30]
[min_sum_hessian_in_leaf: 0.001]
[bagging_fraction: 1]
[pos_bagging_fraction: 1]
[neg_bagging_fraction: 1]
[bagging_freq: 0]
[bagging_seed: 13002]
[bagging_by_query: 0]
[feature_fraction: 1]
[feature_fraction_bynode: 1]
[feature_fraction_seed: 3933]
[extra_trees: 0]
[extra_seed: 13870]
[early_stopping_round: 0]
[early_stopping_min_delta: 0]
[first_metric_only: 0]
[max_delta_step: 0]
[lambda_l1: 0]
[lambda_l2: 0]
[linear_lambda: 0]
[min_gain_to_split: 0]
[drop_rate: 0.1]
[max_drop: 50]
[skip_drop: 0.5]
[xgboost_dart_mode: 0]
[uniform_drop: 0]
[drop_seed: 25549]
[top_rate: 0.2]
[other_rate: 0.1]
[min_data_per_group: 100]
[max_cat_threshold: 32]
[cat_l2: 10]
[cat_smooth: 10]
[max_cat_to_onehot: 4]
[top_k: 20]
[monotone_constraints: ]
[monotone_constraints_method: basic]
[monotone_penalty: 0]
[feature_contri: ]
[forcedsplits_filename: ]
[refit_decay_rate: 0.9]
[cegb_tradeoff: 1]
[cegb_penalty_split: 0]
[cegb_penalty_feature_lazy: ]
[cegb_penalty_feature_coupled: ]
[path_smooth: 0]
[interaction_constraints: ]
[verbosity: -1]
[saved_feature_importance_type: 0]
[use_quantized_grad: 0]
[num_grad_quant_bins: 4]
[quant_train_renew_leaf: 0]
[stochastic_rounding: 1]
[linear_tree: 0]
[max_bin: 255]
[max_bin_by_feature: ]
[min_data_in_bin: 3]
[bin_construct_sample_cnt: 200000]
[data_random_seed: 19962]
[is_enable_sparse: 1]
[enable_bundle: 1]
[use_missing: 1]
[zero_as_missing: 0]
[feature_pre_filter: 1]
[pre_partition: 0]
[two_round: 0]
[header: 0]
[label_column: ]
[weight_column: ]
[group_column: ]
[ignore_column: ]
[categorical_feature: ]
[forcedbins_filename: ]
[precise_float_parser: 0]
[parser_config_file: ]
[objective_seed: 31251]
[num_class: 1]
[is_unbalance: 0]
[scale_pos_weight: 1]
[sigmoid: 1]
[boost_from_average: 1]
[reg_sqrt: 0]
[alpha: 0.95]
[fair_c: 1]
[poisson_max_delta_step: 0.7]
[tweedie_variance_power: 1.5]
[lambdarank_truncation_level: 30]
[lambdarank_norm: 1]
[label_gain: ]
[lambdarank_position_bias_regularization: 0]
[eval_at: ]
[multi_error_top_k: 1]
[auc_mu_weights: ]
[num_machines: 1]
[local_listen_port: 12400]
[time_out: 120]
[machine_list_filename: ]
[machines: ]
[gpu_platform_id: -1]
[gpu_device_id: -1]
[gpu_device_id_list: ]
[gpu_use_dp: 0]
[num_gpu: 1]

end of parameters

pandas_categorical:null
