tree
version=v4
num_class=1
num_tree_per_iteration=1
label_index=0
max_feature_idx=1
objective=quantile
feature_names=Column_0 Column_1
feature_infos=[1.5338379282914254:2.390175182614501] [1.5428884655994211:2.4082642922270256]
tree_sizes=470 491 574 575 577 577 661 748 752 753 754 753 753 752 586 586 585 581 581 580 581 672 672 671 667 751 756 754 664 750 668 667 669 836 848 845 744 741 670 761 840 759 756 755 743 673 591 591 591 677 677 673 673 672 925 675 675 918 920 842 841 766 761 847 677 676 677 677 675 592 593 667 673 677 845 844 930 931 849 1097 933 932 849 848 762 762 760 847 933 937 936 936 845 936 851 939 677 678 677 676 678 679 677 675 844 844 843 842 929 847 846 844 846 847 845 931 928 930 931 928

Tree=0
num_leaves=4
num_cat=0
split_feature=1 0 0
split_gain=23.5938 0.962776 2.22045e-16
threshold=1.6660691420981297 1.6839654898854342 1.972962484080008
decision_type=2 2 2
left_child=-1 -2 -3
right_child=1 2 -4
leaf_value=1.719794932019052 1.7237544938942728 1.7269477784828435 1.7396606034096203
leaf_weight=56 48 736 60
leaf_count=56 48 736 60
internal_value=1.72439 1.72647 1.72689
internal_weight=900 844 796
internal_count=900 844 796
is_linear=0
shrinkage=1


Tree=1
num_leaves=4
num_cat=0
split_feature=0 0 0
split_gain=19.762 0.53842 2.22045e-16
threshold=1.6544642856487346 1.6839654898854342 1.972962484080008
decision_type=2 2 2
left_child=-1 -2 -3
right_child=1 2 -4
leaf_value=-0.004306638378307537 -0.00049457123948472021 0.0024335983580635379 0.014510782038501381
leaf_weight=60 44 736 60
leaf_count=60 44 736 60
internal_value=0.000222222 0.00220238 0.0025
internal_weight=900 840 796
internal_count=900 840 796
is_linear=0
shrinkage=0.05


Tree=2
num_leaves=5
num_cat=0
split_feature=1 0 0 0
split_gain=16.8202 1.4886 0.120122 2.22045e-16
threshold=1.6565874936003 1.6642995333162467 1.687494362779302 2.0337156746350886
decision_type=2 2 2 2
left_child=-1 -2 -3 -4
right_child=1 2 3 -5
leaf_value=-0.0043578313196403042 -0.00095375785117109689 -0.00012421262476011163 0.0024657228442098058 0.017994687464479332
leaf_weight=40 40 32 758 30
leaf_count=40 40 32 758 30
internal_value=0.000444445 0.0019186 0.00237805 0.0025
internal_weight=900 860 820 788
internal_count=900 860 820 788
is_linear=0
shrinkage=0.05


Tree=3
num_leaves=5
num_cat=0
split_feature=1 0 0 0
split_gain=15.6331 1.17144 0.140625 2.22045e-16
threshold=1.6565874936003 1.6839654898854342 1.6619109980431956 1.972962484080008
decision_type=2 2 2 2
left_child=-1 2 -2 -3
right_child=1 3 -4 -5
leaf_value=-0.0041399397536582838 -0.00098708662117709639 0.0021886322979498773 -0.00026257067327865207 0.013661956794365826
leaf_weight=40 32 736 32 60
leaf_count=40 32 736 32 60
internal_value=0.000555556 0.00197674 -0.00453125 0.0025
internal_weight=900 860 64 796
internal_count=900 860 64 796
is_linear=0
shrinkage=0.05


Tree=4
num_leaves=5
num_cat=0
split_feature=1 0 0 0
split_gain=15.3862 1.87136 0.214234 2.22045e-16
threshold=1.6474574891111862 1.6577450746573761 1.6839654898854342 1.972962484080008
decision_type=2 2 2 2
left_child=-1 -2 -3 -4
right_child=1 2 3 -5
leaf_value=-0.0039763802475491494 -0.001079893833909196 -5.4602349889458962e-05 0.0020792006830523849 0.012978858954647532
leaf_weight=32 32 40 736 60
leaf_count=32 32 40 736 60
internal_value=0.000611111 0.00186636 0.00232057 0.0025
internal_weight=900 868 836 796
internal_count=900 868 836 796
is_linear=0
shrinkage=0.05


Tree=5
num_leaves=5
num_cat=0
split_feature=0 0 0 0
split_gain=12.8287 1.42681 0.214234 2.22045e-16
threshold=1.6325811357390492 1.6577450746573761 1.6839654898854342 1.972962484080008
decision_type=2 2 2 2
left_child=-1 -2 -3 -4
right_child=1 2 3 -5
leaf_value=-0.0037775612351716894 -0.0010625207103513784 -5.187223239498291e-05 0.0019752406488997678 0.012329916006915154
leaf_weight=32 32 40 736 60
leaf_count=32 32 40 736 60
internal_value=0.000777778 0.00192396 0.00232057 0.0025
internal_weight=900 868 836 796
internal_count=900 868 836 796
is_linear=0
shrinkage=0.05


Tree=6
num_leaves=6
num_cat=0
split_feature=0 0 0 0 1
split_gain=12.8287 1.07527 0.242216 2.22045e-16 2.22045e-16
threshold=1.6325811357390492 1.690513666791239 1.6577450746573761 2.0276514796196983 1.8554017224142803
decision_type=2 2 2 2 2
left_child=-1 2 -2 4 -3
right_child=1 3 -4 -5 -6
leaf_value=-0.0035886831734131099 -0.0010093946748338085 0.001584982148798997 -3.7027493659171622e-05 0.014892706098118142 0.0082526860731795392
leaf_weight=32 32 461 52 33 290
leaf_count=32 32 461 52 33 290
internal_value=0.000777778 0.00192396 -0.00345238 0.0025 0.0025
internal_weight=900 868 84 784 751
internal_count=900 868 84 784 751
is_linear=0
shrinkage=0.05


Tree=7
num_leaves=7
num_cat=0
split_feature=0 0 0 0 0 0
split_gain=12.7371 1.16743 0.265351 0.0374269 2.22045e-16 2.22045e-16
threshold=1.6325811357390492 1.7028396056486304 1.6577450746573761 1.6817739057421142 2.0276514796196983 1.9595302452919692
decision_type=2 2 2 2 2 2
left_child=-1 2 -2 -4 5 -3
right_child=1 4 3 -5 -6 -7
leaf_value=-0.0034092490147424551 -0.00095892494109212133 0.0024366240586468748 5.0418813395320103e-05 -5.0178058857511726e-05 0.014148070793212238 0.011179985759904577
leaf_weight=32 32 688 36 40 33 39
leaf_count=32 32 688 36 40 33 39
internal_value=0.000666667 0.00180876 -0.00305556 -0.00144737 0.0025 0.0025
internal_weight=900 868 108 76 760 727
internal_count=900 868 108 76 760 727
is_linear=0
shrinkage=0.05


Tree=8
num_leaves=7
num_cat=0
split_feature=0 0 0 0 1 0
split_gain=12.7371 0.955788 0.134564 0.0374269 0.0309423 2.22045e-16
threshold=1.6325811357390492 1.7028396056486304 1.6577450746573761 1.6817739057421142 1.7329501386789283 2.0337156746350886
decision_type=2 2 2 2 2 2
left_child=-1 2 -2 -4 -3 -6
right_child=1 4 3 -5 5 -7
leaf_value=-0.0032387865640053359 -0.00091097869403751258 0.00060141795615692439 4.7897872725549955e-05 -4.7669155914634638e-05 0.0029201489099543679 0.01369437765889241
leaf_weight=32 32 31 36 40 699 30
leaf_count=32 32 31 36 40 699 30
internal_value=0.000666667 0.00180876 -0.00259259 -0.00144737 0.00243421 0.0025
internal_weight=900 868 108 76 760 729
internal_count=900 868 108 76 760 729
is_linear=0
shrinkage=0.05


Tree=9
num_leaves=7
num_cat=0
split_feature=0 0 0 0 1 0
split_gain=10.3794 0.955788 0.134564 0.0374269 0.0309423 2.22045e-16
threshold=1.6325811357390492 1.7028396056486304 1.6577450746573761 1.6817739057421142 1.7329501386789283 2.0337156746350886
decision_type=2 2 2 2 2 2
left_child=-1 2 -2 -4 -3 -6
right_child=1 4 3 -5 5 -7
leaf_value=-0.0030768472358050692 -0.00086542975933563476 0.00057134705834908093 4.5502979089268305e-05 -4.5285698118905293e-05 0.0027741414644566476 0.013009658775947786
leaf_weight=32 32 31 36 40 699 30
leaf_count=32 32 31 36 40 699 30
internal_value=0.000777778 0.00180876 -0.00259259 -0.00144737 0.00243421 0.0025
internal_weight=900 868 108 76 760 729
internal_count=900 868 108 76 760 729
is_linear=0
shrinkage=0.05


Tree=10
num_leaves=7
num_cat=0
split_feature=0 0 0 0 1 0
split_gain=10.3794 0.955788 0.134564 0.0374269 0.0309423 2.22045e-16
threshold=1.6325811357390492 1.7028396056486304 1.6577450746573761 1.6817739057421142 1.7329501386789283 2.0337156746350886
decision_type=2 2 2 2 2 2
left_child=-1 2 -2 -4 -3 -6
right_child=1 4 3 -5 5 -7
leaf_value=-0.0029230048740148118 -0.00082215827136885634 0.00054277970543162855 4.3227830134801297e-05 -4.3021413212954637e-05 0.0026354343912338152 0.012359175837150394
leaf_weight=32 32 31 36 40 699 30
leaf_count=32 32 31 36 40 699 30
internal_value=0.000777778 0.00180876 -0.00259259 -0.00144737 0.00243421 0.0025
internal_weight=900 868 108 76 760 729
internal_count=900 868 108 76 760 729
is_linear=0
shrinkage=0.05


Tree=11
num_leaves=7
num_cat=0
split_feature=0 0 0 0 1 0
split_gain=10.3794 0.955788 0.134564 0.0374269 0.0309423 2.22045e-16
threshold=1.6325811357390492 1.7028396056486304 1.6577450746573761 1.6817739057421142 1.7329501386789283 2.0337156746350886
decision_type=2 2 2 2 2 2
left_child=-1 2 -2 -4 -3 -6
right_child=1 4 3 -5 5 -7
leaf_value=-0.002776854630314074 -0.00078105035780041748 0.00051564072016004883 4.1066438628062632e-05 -4.0870342552304847e-05 0.0025036626716721244 0.011741217045292874
leaf_weight=32 32 31 36 40 699 30
leaf_count=32 32 31 36 40 699 30
internal_value=0.000777778 0.00180876 -0.00259259 -0.00144737 0.00243421 0.0025
internal_weight=900 868 108 76 760 729
internal_count=900 868 108 76 760 729
is_linear=0
shrinkage=0.05


Tree=12
num_leaves=7
num_cat=0
split_feature=1 0 1 0 1 0
split_gain=8.29954 0.787841 0.115251 0.0900735 0.0309423 2.22045e-16
threshold=1.6474574891111862 1.7028396056486304 1.6756651158561984 1.6839654898854342 1.7329501386789283 2.0337156746350886
decision_type=2 2 2 2 2 2
left_child=-1 2 -2 -4 -3 -6
right_child=1 4 3 -5 5 -7
leaf_value=-0.002638011898798376 2.7634737558421225e-05 0.00048985868415204472 -0.00053806504407477248 -2.2209612798197918e-05 0.0023784795380885184 0.011154156193028231
leaf_weight=32 40 31 32 36 699 30
leaf_count=32 40 31 32 36 699 30
internal_value=0.000944444 0.00186636 -0.00212963 -0.00338235 0.00243421 0.0025
internal_weight=900 868 108 68 760 729
internal_count=900 868 108 68 760 729
is_linear=0
shrinkage=0.05


Tree=13
num_leaves=7
num_cat=0
split_feature=1 0 1 0 1 0
split_gain=8.29954 0.787841 0.115251 0.0900735 0.0309423 2.22045e-16
threshold=1.6474574891111862 1.7028396056486304 1.6756651158561984 1.6839654898854342 1.7329501386789283 2.0337156746350886
decision_type=2 2 2 2 2 2
left_child=-1 2 -2 -4 -3 -6
right_child=1 4 3 -5 5 -7
leaf_value=-0.0025061113038584606 2.6253000680495585e-05 0.00046536574994444636 -0.00051116179187103651 -2.1099132158288103e-05 0.00225955556118409 0.010596448383376823
leaf_weight=32 40 31 32 36 699 30
leaf_count=32 40 31 32 36 699 30
internal_value=0.000944444 0.00186636 -0.00212963 -0.00338235 0.00243421 0.0025
internal_weight=900 868 108 68 760 729
internal_count=900 868 108 68 760 729
is_linear=0
shrinkage=0.05


Tree=14
num_leaves=5
num_cat=0
split_feature=1 0 1 0
split_gain=7.37042 0.539062 0.155623 0.0857313
threshold=1.6491238436248012 1.7159204121355478 1.7162519537799785 1.6725392866048401
decision_type=2 2 2 2
left_child=-1 2 3 -2
right_child=1 -3 -4 -5
leaf_value=-0.0023590869978786459 6.5204778453048355e-05 0.0020532173916783798 -0.00031049345520615371 -2.6607714118822572e-05
leaf_weight=36 48 736 30 50
leaf_count=36 48 736 30 50
internal_value=0.00105556 0.00197917 -0.00101562 -5.10203e-05
internal_weight=900 864 128 98
internal_count=900 864 128 98
is_linear=0
shrinkage=0.05


Tree=15
num_leaves=5
num_cat=0
split_feature=1 0 1 0
split_gain=6.51042 0.539062 0.155623 0.0857313
threshold=1.6491238436248012 1.7159204121355478 1.7162519537799785 1.6725392866048401
decision_type=2 2 2 2
left_child=-1 2 3 -2
right_child=1 -3 -4 -5
leaf_value=-0.0022411326479847117 6.1944539530395094e-05 0.0019505565220944651 -0.00029496878244585057 -2.5277328412878224e-05
leaf_weight=36 48 736 30 50
leaf_count=36 48 736 30 50
internal_value=0.00111111 0.00197917 -0.00101562 -5.10203e-05
internal_weight=900 864 128 98
internal_count=900 864 128 98
is_linear=0
shrinkage=0.05


Tree=16
num_leaves=5
num_cat=0
split_feature=1 0 1 0
split_gain=5.70375 0.539062 0.155623 0.0857313
threshold=1.6491238436248012 1.7159204121355478 1.7162519537799785 1.6725392866048401
decision_type=2 2 2 2
left_child=-1 2 3 -2
right_child=1 -3 -4 -5
leaf_value=-0.002129076015585474 5.8847312553872284e-05 0.0018530286959897388 -0.00028022034332355873 -2.4013461992236088e-05
leaf_weight=36 48 736 30 50
leaf_count=36 48 736 30 50
internal_value=0.00116667 0.00197917 -0.00101562 -5.10203e-05
internal_weight=900 864 128 98
internal_count=900 864 128 98
is_linear=0
shrinkage=0.05


Tree=17
num_leaves=5
num_cat=0
split_feature=1 0 1 0
split_gain=4.98074 0.425926 0.0603865 0.118906
threshold=1.6491238436248012 1.7159204121355478 1.6756651158561984 1.690513666791239
decision_type=2 2 2 2
left_child=-1 2 -2 -4
right_child=1 -3 3 -5
leaf_value=-0.0020226222148062023 6.0920967621677119e-05 0.0017603772611902544 -0.00045182183086459331 5.3378716129135074e-05
leaf_weight=36 36 736 44 48
leaf_count=36 36 736 44 48
internal_value=0.00127778 0.00203704 -0.000625 -0.00130435
internal_weight=900 864 128 92
internal_count=900 864 128 92
is_linear=0
shrinkage=0.05


Tree=18
num_leaves=5
num_cat=0
split_feature=1 0 1 0
split_gain=4.27852 0.425926 0.0603865 0.118906
threshold=1.6491238436248012 1.7159204121355478 1.6756651158561984 1.690513666791239
decision_type=2 2 2 2
left_child=-1 2 -2 -4
right_child=1 -3 3 -5
leaf_value=-0.0019214911040658978 5.7874919240593653e-05 0.0016723583981307407 -0.00042923073932135962 5.0709780322674856e-05
leaf_weight=36 36 736 44 48
leaf_count=36 36 736 44 48
internal_value=0.00133333 0.00203704 -0.000625 -0.00130435
internal_weight=900 864 128 92
internal_count=900 864 128 92
is_linear=0
shrinkage=0.05


Tree=19
num_leaves=5
num_cat=0
split_feature=1 0 1 0
split_gain=4.27852 0.425926 0.196599 0.037568
threshold=1.6491238436248012 1.7159204121355478 1.7162519537799785 1.6725392866048401
decision_type=2 2 2 2
left_child=-1 2 3 -2
right_child=1 -3 -4 -5
leaf_value=-0.0018254165488626019 5.4619166145143338e-05 0.0015887404782241985 -0.000244322372711706 -3.6636932495119934e-06
leaf_weight=36 48 736 30 50
leaf_count=36 48 736 30 50
internal_value=0.00133333 0.00203704 -0.000625 0.000459184
internal_weight=900 864 128 98
internal_count=900 864 128 98
is_linear=0
shrinkage=0.05


Tree=20
num_leaves=5
num_cat=0
split_feature=1 0 1 0
split_gain=3.05782 0.3261 0.0879667 0.0248016
threshold=1.6491238436248012 1.7159204121355478 1.7065456337934666 1.6725392866048401
decision_type=2 2 2 2
left_child=-1 2 3 -2
right_child=1 -3 -4 -5
leaf_value=-0.0017341457214194668 5.1888207837881225e-05 0.0015093034543129877 -0.00010932852609076105 -9.6588044866241667e-05
leaf_weight=36 48 736 44 36
leaf_count=36 48 736 44 36
internal_value=0.0015 0.00209491 -0.000234375 0.000714286
internal_weight=900 864 128 84
internal_count=900 864 128 84
is_linear=0
shrinkage=0.05


Tree=21
num_leaves=6
num_cat=0
split_feature=0 0 0 1 0
split_gain=2.28387 0.326267 0.0765625 0.0276273 4.44089e-16
threshold=1.6325811357390492 1.7279453480692368 1.6577450746573761 1.7175435778443564 1.8045230156208121
decision_type=2 2 2 2 2
left_child=-1 2 -2 -4 -3
right_child=1 4 3 -5 -6
leaf_value=-0.0016691571761353831 -0.00048651709108814983 0.0012657256206314639 1.3732962421297849e-05 0.00013882677094107719 0.0052156440734685838
leaf_weight=32 32 244 79 49 464
leaf_count=32 32 244 79 49 464
internal_value=0.00155556 0.00203917 6.51926e-11 0.000546875 0.0025
internal_weight=900 868 160 128 708
internal_count=900 868 160 128 708
is_linear=0
shrinkage=0.05


Tree=22
num_leaves=6
num_cat=0
split_feature=0 0 0 1 0
split_gain=1.78929 0.326267 0.0765625 0.0276273 4.44089e-16
threshold=1.6325811357390492 1.7279453480692368 1.6577450746573761 1.7175435778443564 1.8045230156208121
decision_type=2 2 2 2 2
left_child=-1 2 -2 -4 -3
right_child=1 4 3 -5 -6
leaf_value=-0.0015856993173286151 -0.00046219123653374201 0.0012024393395998923 1.3046314300235732e-05 0.00013188543239402647 0.0049548618697951574
leaf_weight=32 32 244 79 49 464
leaf_count=32 32 244 79 49 464
internal_value=0.00161111 0.00203917 6.51926e-11 0.000546875 0.0025
internal_weight=900 868 160 128 708
internal_count=900 868 160 128 708
is_linear=0
shrinkage=0.05


Tree=23
num_leaves=6
num_cat=0
split_feature=0 0 0 1 0
split_gain=1.78929 0.326267 0.0765625 0.0276273 4.44089e-16
threshold=1.6325811357390492 1.7279453480692368 1.6577450746573761 1.7175435778443564 1.8045230156208121
decision_type=2 2 2 2 2
left_child=-1 2 -2 -4 -3
right_child=1 4 3 -5 -6
leaf_value=-0.001506414351462182 -0.00043908167470705788 0.0011423173726198943 1.2393998585225056e-05 0.00012529116077432886 0.0047071187763053973
leaf_weight=32 32 244 79 49 464
leaf_count=32 32 244 79 49 464
internal_value=0.00161111 0.00203917 6.51926e-11 0.000546875 0.0025
internal_weight=900 868 160 128 708
internal_count=900 868 160 128 708
is_linear=0
shrinkage=0.05


Tree=24
num_leaves=6
num_cat=0
split_feature=0 0 1 0 0
split_gain=1.34012 0.412932 0.175449 0.0357137 4.44089e-16
threshold=1.6325811357390492 1.7279453480692368 1.7306282536381661 1.6725392866048401 1.8045230156208121
decision_type=2 2 2 2 2
left_child=-1 2 3 -2 -3
right_child=1 4 -4 -5 -6
leaf_value=-0.0014310936338890691 8.884333046693938e-05 0.0010852015039888973 -0.00011498951282644275 6.425985253240181e-06 0.004471762837490123
leaf_weight=32 52 244 33 75 464
leaf_count=32 52 244 33 75 464
internal_value=0.00161111 0.00198157 -0.0003125 0.000531496 0.0025
internal_weight=900 868 160 127 708
internal_count=900 868 160 127 708
is_linear=0
shrinkage=0.05


Tree=25
num_leaves=7
num_cat=0
split_feature=0 1 0 0 0 0
split_gain=1.07775 0.187487 0.140625 0.0329216 0.0464396 4.44089e-16
threshold=1.6577450746573761 1.7366727874025931 1.6325811357390492 1.7009667340155568 1.6839654898854342 2.0276514796196983
decision_type=2 2 2 2 2 2
left_child=2 3 -1 4 -2 -3
right_child=1 5 -4 -5 -6 -7
leaf_value=-0.0013595389521946168 -3.4007932507412103e-05 0.0016838006746306977 -0.00041596435406908552 4.4532652980794429e-05 0.0002356752339444328 0.0085535078269133435
leaf_weight=32 38 688 32 47 30 33
leaf_count=32 38 688 32 47 30 33
internal_value=0.00172222 0.00220096 -0.00453125 0.000326087 0.00102941 0.0025
internal_weight=900 836 64 115 68 721
internal_count=900 836 64 115 68 721
is_linear=0
shrinkage=0.05


Tree=26
num_leaves=7
num_cat=0
split_feature=0 0 0 1 0 0
split_gain=1.05869 0.238188 0.140625 0.0278409 0.0428322 4.44089e-16
threshold=1.6577450746573761 1.7279453480692368 1.6325811357390492 1.6923819608059603 1.7028396056486304 1.8045230156208121
decision_type=2 2 2 2 2 2
left_child=2 3 -1 -2 -5 -3
right_child=1 5 -4 4 -6 -7
leaf_value=-0.0012915620045848898 3.3889985601156164e-05 0.00094675139505792096 -0.00039516613636563061 -3.1655482806209184e-05 9.8940845526931386e-05 0.0041639846618840796
leaf_weight=32 40 244 32 36 52 464
leaf_count=32 40 244 32 36 52 464
internal_value=0.00166667 0.00214115 -0.00453125 0.00015625 -0.000340909 0.0025
internal_weight=900 836 64 128 88 708
internal_count=900 836 64 128 88 708
is_linear=0
shrinkage=0.05


Tree=27
num_leaves=7
num_cat=0
split_feature=0 0 0 1 1 0
split_gain=1.03979 0.301682 0.140625 0.0906493 0.0151696 4.44089e-16
threshold=1.6577450746573761 1.7313892595372089 1.6325811357390492 1.7343002144444217 1.70919842936807 1.9542687931298024
decision_type=2 2 2 2 2 2
left_child=2 3 -1 4 -2 -3
right_child=1 5 -4 -5 -6 -7
leaf_value=-0.0012269839043556497 3.9695889345365386e-06 0.0017019802361802673 -0.00037540782954734566 -1.9259851727951669e-05 0.00030750176605183493 0.0079684923103148786
leaf_weight=32 63 619 32 30 43 81
leaf_count=32 63 619 32 30 43 81
internal_value=0.00161111 0.00208134 -0.00453125 -7.35293e-05 0.000613208 0.0025
internal_weight=900 836 64 136 106 700
internal_count=900 836 64 136 106 700
is_linear=0
shrinkage=0.05


Tree=28
num_leaves=6
num_cat=0
split_feature=0 0 1 0 0
split_gain=0.875 0.251488 0.347523 0.0268167 4.44089e-16
threshold=1.7313892595372089 1.6325811357390492 1.7343002144444217 1.6725392866048401 1.9542687931298024
decision_type=2 2 2 2 2
left_child=1 -1 3 -3 -2
right_child=4 2 -4 -5 -6
leaf_value=-0.0011656347091378639 0.0016168812243712583 0.00011490617393053711 -0.0001193816009922523 1.3688893878479768e-05 0.0075700676947991321
leaf_weight=32 619 52 33 83 81
leaf_count=32 619 52 33 83 81
internal_value=0.00166667 -0.00125 -0.00047619 0.000648148 0.0025
internal_weight=900 200 168 135 700
internal_count=900 200 168 135 700
is_linear=0
shrinkage=0.05


Tree=29
num_leaves=7
num_cat=0
split_feature=0 0 1 1 0 1
split_gain=0.962406 0.1667 0.171144 0.0877601 2.22045e-16 2.22045e-16
threshold=1.7028396056486304 1.6325811357390492 1.687952261798588 1.7366727874025931 2.0337156746350886 1.8074521521283498
decision_type=2 2 2 2 2 2
left_child=1 -1 -3 -2 5 -5
right_child=3 2 -4 4 -6 -7
leaf_value=-0.0011073529736809751 0.000167878177224775 3.3282060382764365e-05 -0.00011839109030094993 0.00069143695502618121 0.0070669748515783783 0.0037221172978210075
leaf_weight=32 43 56 52 223 30 464
leaf_count=32 43 56 52 223 30 464
internal_value=0.00166667 -0.00214286 -0.0012037 0.00236842 0.0025 0.0025
internal_weight=900 140 108 760 717 687
internal_count=900 140 108 760 717 687
is_linear=0
shrinkage=0.05


Tree=30
num_leaves=6
num_cat=0
split_feature=0 1 0 0 0
split_gain=0.995556 0.409711 0.367633 0.0268167 4.44089e-16
threshold=1.7313892595372089 1.7343002144444217 1.6325811357390492 1.6725392866048401 1.9542687931298024
decision_type=2 2 2 2 2
left_child=1 2 -1 -4 -2
right_child=4 -3 3 -5 -6
leaf_value=-0.0010519853249969292 0.0015014653154013847 -0.00017191532985647419 0.00010749676221487289 1.8924003699602064e-05 0.0070023113125521012
leaf_weight=32 619 33 52 83 81
leaf_count=32 619 33 52 83 81
internal_value=0.00161111 -0.0015 -0.000494012 0.000648148 0.0025
internal_weight=900 200 167 135 700
internal_count=900 200 167 135 700
is_linear=0
shrinkage=0.05


Tree=31
num_leaves=6
num_cat=0
split_feature=0 1 0 0 0
split_gain=0.995556 0.409711 0.367633 0.0268167 4.44089e-16
threshold=1.7313892595372089 1.7343002144444217 1.6325811357390492 1.6725392866048401 1.9542687931298024
decision_type=2 2 2 2 2
left_child=1 2 -1 -4 -2
right_child=4 -3 3 -5 -6
leaf_value=-0.00099938605874708717 0.00142639204963132 -0.00016331956336364931 0.00010212192410413408 1.7977803514620692e-05 0.0066521957469244941
leaf_weight=32 619 33 52 83 81
leaf_count=32 619 33 52 83 81
internal_value=0.00161111 -0.0015 -0.000494012 0.000648148 0.0025
internal_weight=900 200 167 135 700
internal_count=900 200 167 135 700
is_linear=0
shrinkage=0.05


Tree=32
num_leaves=6
num_cat=0
split_feature=0 1 0 0 0
split_gain=0.995556 0.409711 0.367633 0.0268167 4.44089e-16
threshold=1.7313892595372089 1.7343002144444217 1.6325811357390492 1.6725392866048401 1.9542687931298024
decision_type=2 2 2 2 2
left_child=1 2 -1 -4 -2
right_child=4 -3 3 -5 -6
leaf_value=-0.00094941675580972884 0.0013550724471497523 -0.00015515358519546511 9.7015827898924457e-05 1.7078913338893941e-05 0.0063195859595782666
leaf_weight=32 619 33 52 83 81
leaf_count=32 619 33 52 83 81
internal_value=0.00161111 -0.0015 -0.000494012 0.000648148 0.0025
internal_weight=900 200 167 135 700
internal_count=900 200 167 135 700
is_linear=0
shrinkage=0.05


Tree=33
num_leaves=8
num_cat=0
split_feature=0 1 0 0 0 0 0
split_gain=0.960317 0.409711 0.367633 0.0298214 0.0268167 2.22045e-16 2.77556e-17
threshold=1.7313892595372089 1.7343002144444217 1.6325811357390492 1.7411523223760403 1.6725392866048401 1.9463379239765646 2.0276514796196983
decision_type=2 2 2 2 2 2 2
left_child=1 2 -1 -2 -4 -5 -7
right_child=3 -3 4 5 -6 6 -8
leaf_value=-0.00090194591801924246 0.00026461636250850739 -0.00014739590593569732 9.2165036503974196e-05 0.0015010533244543046 1.6224967671948531e-05 0.0061082152024700027 0.0057886518086860857
leaf_weight=32 32 33 52 578 83 57 33
leaf_count=32 32 33 52 578 83 57 33
internal_value=0.00155556 -0.0015 -0.000494012 0.00242857 0.000648148 0.0025 0.0025
internal_weight=900 200 167 700 135 668 90
internal_count=900 200 167 700 135 668 90
is_linear=0
shrinkage=0.05


Tree=34
num_leaves=8
num_cat=0
split_feature=0 0 1 1 0 0 0
split_gain=0.860585 0.220287 0.252444 0.112153 0.0403615 4.44089e-16 1.11022e-16
threshold=1.7201544785820038 1.6325811357390492 1.7162519537799785 1.7462033787503062 1.6725392866048401 1.8045230156208121 1.7701694656189846
decision_type=2 2 2 2 2 2 2
left_child=1 -1 4 -2 -3 6 -5
right_child=3 2 -4 5 -6 -7 -8
leaf_value=-0.00085684862211827812 -4.4207690396035207e-07 8.7556784678774228e-05 -0.00014919317252789856 0.00043179536484538335 -4.7783420685987364e-06 0.0033145373340394027 0.0015731609474246456
leaf_weight=32 34 52 37 114 51 464 116
leaf_count=32 34 52 37 114 51 464 116
internal_value=0.00161111 -0.00156977 -0.000714286 0.00236264 0.000558252 0.0025 0.0025
internal_weight=900 172 140 728 103 694 230
internal_count=900 172 140 728 103 694 230
is_linear=0
shrinkage=0.05


Tree=35
num_leaves=8
num_cat=0
split_feature=0 0 1 1 0 0 0
split_gain=0.860585 0.220287 0.252444 0.112153 0.0403615 4.44089e-16 1.11022e-16
threshold=1.7201544785820038 1.6325811357390492 1.7162519537799785 1.7462033787503062 1.6725392866048401 1.8045230156208121 1.7701694656189846
decision_type=2 2 2 2 2 2 2
left_child=1 -1 4 -2 -3 6 -5
right_child=3 2 -4 5 -6 -7 -8
leaf_value=-0.000814006191012362 -4.1997305876172323e-07 8.317894544483647e-05 -0.00014173351390150214 0.00041020559660311394 -4.5394249651642481e-06 0.0031488104673374376 0.0014945029000534183
leaf_weight=32 34 52 37 114 51 464 116
leaf_count=32 34 52 37 114 51 464 116
internal_value=0.00161111 -0.00156977 -0.000714286 0.00236264 0.000558252 0.0025 0.0025
internal_weight=900 172 140 728 103 694 230
internal_count=900 172 140 728 103 694 230
is_linear=0
shrinkage=0.05


Tree=36
num_leaves=7
num_cat=0
split_feature=0 0 1 1 0 0
split_gain=0.99 0.257143 0.0943462 0.0798976 0.05625 2.22045e-16
threshold=1.7429625666923252 1.6619109980431956 1.7382607172741147 1.7175435778443564 1.6325811357390492 1.9991114088223201
decision_type=2 2 2 2 2 2
left_child=1 4 3 -3 -1 -2
right_child=5 2 -4 -5 -6 -7
leaf_value=-0.00077330588146173884 0.0015236019828303695 -4.312453509668589e-06 -2.0372610440017251e-05 0.00027495477828668217 -0.00014523443453681427 0.0053742479901444989
leaf_weight=32 618 71 58 39 40 42
leaf_count=32 618 71 58 39 40 42
internal_value=0.0015 -0.00125 -0.000178571 0.000681818 -0.00375 0.0025
internal_weight=900 240 168 110 72 660
internal_count=900 240 168 110 72 660
is_linear=0
shrinkage=0.05


Tree=37
num_leaves=7
num_cat=0
split_feature=0 0 1 0 1 0
split_gain=0.99 0.24375 0.294892 0.274484 0.0516254 2.22045e-16
threshold=1.7429625666923252 1.6325811357390492 1.7358123375235437 1.734576836500562 1.7175435778443564 1.9991114088223201
decision_type=2 2 2 2 2 2
left_child=1 -1 4 -4 -3 -2
right_child=5 2 3 -5 -6 -7
leaf_value=-0.00073464058738865752 0.0014474218836888486 3.6184025933772671e-06 -0.00012071529092368887 6.5588154170329643e-05 0.00037105385108646534 0.005105535590637267
leaf_weight=32 618 108 33 36 31 42
leaf_count=32 618 108 33 36 31 42
internal_value=0.0015 -0.00125 -0.000625 -0.0032971 0.000701439 0.0025
internal_weight=900 240 208 69 139 660
internal_count=900 240 208 69 139 660
is_linear=0
shrinkage=0.05


Tree=38
num_leaves=6
num_cat=0
split_feature=0 0 1 0 0
split_gain=0.867273 0.28579 0.231809 0.0618503 4.44089e-16
threshold=1.7537416467684699 1.6502690070762926 1.7581534107825745 1.6725392866048401 1.9542687931298024
decision_type=2 2 2 2 2
left_child=1 -1 3 -3 -2
right_child=4 2 -4 -5 -6
leaf_value=-0.00068867360351879375 0.0015304641477141814 9.2525388859753723e-05 -8.8216051888643742e-05 3.6808798179803311e-06 0.004933649296026894
leaf_weight=52 555 34 30 148 81
leaf_count=52 555 34 30 148 81
internal_value=0.0015 -0.000909091 -9.43396e-05 0.000576923 0.0025
internal_weight=900 264 212 182 636
internal_count=900 264 212 182 636
is_linear=0
shrinkage=0.05


Tree=39
num_leaves=7
num_cat=0
split_feature=0 1 0 0 0 0
split_gain=0.926095 0.316045 0.407411 0.0555574 2.22045e-16 2.22045e-16
threshold=1.7554634925956349 1.7600768307280985 1.6502690070762926 1.6725392866048401 2.0276514796196983 1.8527092750301664
decision_type=2 2 2 2 2 2
left_child=1 2 -1 -4 5 -2
right_child=4 -3 3 -5 -6 -7
leaf_value=-0.00065864350256183762 0.0012476406342884494 -8.3805249294209246e-05 8.7899119416767117e-05 4.7890418569274736e-06 0.0044053801843424887 0.0045234630789808827
leaf_weight=51 337 30 34 157 33 258
leaf_count=51 337 30 34 157 33 258
internal_value=0.00144444 -0.000992647 -0.000392562 0.000667539 0.0025 0.0025
internal_weight=900 272 242 191 628 595
internal_count=900 272 242 191 628 595
is_linear=0
shrinkage=0.05


Tree=40
num_leaves=8
num_cat=0
split_feature=0 1 0 0 1 0 0
split_gain=1.13132 0.269861 0.328205 0.100662 0.0533015 2.22045e-16 2.22045e-16
threshold=1.7554634925956349 1.7600768307280985 1.6839654898854342 1.6325811357390492 1.750745192351685 2.0276514796196983 1.8527092750301664
decision_type=2 2 2 2 2 2 2
left_child=1 2 3 -1 -4 6 -2
right_child=5 -3 4 -5 -6 -7 -8
leaf_value=-0.00063054270271519777 0.0011852586025740243 -7.9614986829499817e-05 3.4009620964163221e-06 -0.00027739087829264225 0.00031254953745393093 0.0041851111751253665 0.0042972899250318447
leaf_weight=32 337 30 109 68 33 33 258
leaf_count=32 337 30 109 68 33 33 258
internal_value=0.00133333 -0.00136029 -0.000805785 -0.003 0.000739437 0.0025 0.0025
internal_weight=900 272 242 100 142 628 595
internal_count=900 272 242 100 142 628 595
is_linear=0
shrinkage=0.05


Tree=41
num_leaves=7
num_cat=0
split_feature=0 1 0 0 0 0
split_gain=0.926095 0.316045 0.407411 0.0555574 2.22045e-16 2.22045e-16
threshold=1.7554634925956349 1.7600768307280985 1.6502690070762926 1.6725392866048401 2.0276514796196983 1.8527092750301664
decision_type=2 2 2 2 2 2
left_child=1 2 -1 -4 5 -2
right_child=4 -3 3 -5 -6 -7
leaf_value=-0.000603012987250759 0.0011259956724453235 -7.5634237488029731e-05 9.7373707360558966e-05 4.3795416592651905e-06 0.0039758556163691063 0.0040824254287802567
leaf_weight=51 337 30 34 157 33 258
leaf_count=51 337 30 34 157 33 258
internal_value=0.00144444 -0.000992647 -0.000392562 0.000667539 0.0025 0.0025
internal_weight=900 272 242 191 628 595
internal_count=900 272 242 191 628 595
is_linear=0
shrinkage=0.05


Tree=42
num_leaves=7
num_cat=0
split_feature=0 0 1 0 0 0
split_gain=0.831176 0.301131 0.196881 0.0582293 2.22045e-16 2.22045e-16
threshold=1.7554634925956349 1.6502690070762926 1.7591935872496762 1.6725392866048401 2.0276514796196983 1.8527092750301664
decision_type=2 2 2 2 2 2
left_child=1 -1 3 -3 5 -2
right_child=4 2 -4 -5 -6 -7
leaf_value=-0.00056757587909502807 0.0010696958888230523 9.2505021992527655e-05 -6.5423617054791297e-05 3.5862507852543703e-06 0.0037770628355506598 0.0038783041573412394
leaf_weight=52 337 34 33 153 33 258
leaf_count=52 337 34 33 153 33 258
internal_value=0.0015 -0.000808823 6.51926e-11 0.000628342 0.0025 0.0025
internal_weight=900 272 220 187 628 595
internal_count=900 272 220 187 628 595
is_linear=0
shrinkage=0.05


Tree=43
num_leaves=7
num_cat=0
split_feature=0 0 1 0 0 0
split_gain=0.831176 0.301131 0.196881 0.0582293 2.22045e-16 2.22045e-16
threshold=1.7554634925956349 1.6502690070762926 1.7591935872496762 1.6725392866048401 2.0276514796196983 1.8527092750301664
decision_type=2 2 2 2 2 2
left_child=1 -1 3 -3 5 -2
right_child=4 2 -4 -5 -6 -7
leaf_value=-0.00053919708514027498 0.0010162110943819026 8.7879770892906235e-05 -6.2152436202053818e-05 3.406938245993081e-06 0.0035882096937731368 0.0036843889494741822
leaf_weight=52 337 34 33 153 33 258
leaf_count=52 337 34 33 153 33 258
internal_value=0.0015 -0.000808823 6.51926e-11 0.000628342 0.0025 0.0025
internal_weight=900 272 220 187 628 595
internal_count=900 272 220 187 628 595
is_linear=0
shrinkage=0.05


Tree=44
num_leaves=7
num_cat=0
split_feature=0 0 1 1 0 0
split_gain=1.085 0.28 0.186667 0.0795455 0.0520833 2.22045e-16
threshold=1.7570453784133842 1.6642995333162467 1.7607224319005264 1.750745192351685 1.6325811357390492 1.9991114088223201
decision_type=2 2 2 2 2 2
left_child=1 4 3 -3 -1 -2
right_child=5 2 -4 -5 -6 -7
leaf_value=-0.00051352627000513797 0.0013896069762440952 -3.0719178943662199e-06 -2.9091189443672104e-05 0.0003066836298931733 -5.6559958939856617e-05 0.0036069953710460515
leaf_weight=32 578 132 32 36 48 42
leaf_count=32 578 132 32 36 48 42
internal_value=0.00133333 -0.00125 -0.00025 0.000416667 -0.00375 0.0025
internal_weight=900 280 200 168 80 620
internal_count=900 280 200 168 80 620
is_linear=0
shrinkage=0.05


Tree=45
num_leaves=6
num_cat=0
split_feature=0 0 0 0 1
split_gain=1.07556 0.291212 0.10101 0.0520833 0.0388984
threshold=1.7634724780698872 1.6642995333162467 1.7521024354686638 1.6325811357390492 1.750745192351685
decision_type=2 2 2 2 2
left_child=1 3 4 -1 -3
right_child=-2 2 -4 -5 -6
leaf_value=-0.00048784995650488219 0.0014998587711982155 -3.4278296239094055e-06 -2.2328336323396149e-05 -5.3731960992859668e-05 0.00015576171824781997
leaf_weight=32 600 131 40 48 49
leaf_count=32 600 131 40 48 49
internal_value=0.00127778 -0.00116667 -0.000227273 -0.00375 0.000277778
internal_weight=900 300 220 80 180
internal_count=900 300 220 80 180
is_linear=0
shrinkage=0.05


Tree=46
num_leaves=5
num_cat=0
split_feature=0 0 1 1
split_gain=0.888889 0.290426 0.168871 0.0766538
threshold=1.7634724780698872 1.6502690070762926 1.7624182513048463 1.7521660464032875
decision_type=2 2 2 2
left_child=1 -1 3 -3
right_child=-2 2 -4 -5
leaf_value=-0.00047202291573063515 0.001424865832638301 1.3326642960312439e-06 -3.3940499268821351e-05 0.00029120018364724246
leaf_weight=52 600 162 47 39
leaf_count=52 600 162 47 39
internal_value=0.00138889 -0.000833333 -0.000120968 0.00050995
internal_weight=900 300 248 201
internal_count=900 300 248 201
is_linear=0
shrinkage=0.05


Tree=47
num_leaves=5
num_cat=0
split_feature=0 0 1 1
split_gain=0.888889 0.290426 0.168871 0.0766538
threshold=1.7634724780698872 1.6502690070762926 1.7624182513048463 1.7521660464032875
decision_type=2 2 2 2
left_child=1 -1 3 -3
right_child=-2 2 -4 -5
leaf_value=-0.00044842176994410143 0.0013536225410063836 1.2660310812298625e-06 -3.2243474305378423e-05 0.0002766401744648797
leaf_weight=52 600 162 47 39
leaf_count=52 600 162 47 39
internal_value=0.00138889 -0.000833333 -0.000120968 0.00050995
internal_weight=900 300 248 201
internal_count=900 300 248 201
is_linear=0
shrinkage=0.05


Tree=48
num_leaves=5
num_cat=0
split_feature=0 0 1 1
split_gain=0.888889 0.290426 0.168871 0.0766538
threshold=1.7634724780698872 1.6502690070762926 1.7624182513048463 1.7521660464032875
decision_type=2 2 2 2
left_child=1 -1 3 -3
right_child=-2 2 -4 -5
leaf_value=-0.00042600068144689718 0.0012859414139560607 1.2027295271646643e-06 -3.063130059010764e-05 0.00026280816574163283
leaf_weight=52 600 162 47 39
leaf_count=52 600 162 47 39
internal_value=0.00138889 -0.000833333 -0.000120968 0.00050995
internal_weight=900 300 248 201
internal_count=900 300 248 201
is_linear=0
shrinkage=0.05


Tree=49
num_leaves=6
num_cat=0
split_feature=0 0 0 1 0
split_gain=0.802222 0.172461 0.116361 0.0290858 0.015625
threshold=1.7634724780698872 1.6577450746573761 1.7521024354686638 1.750745192351685 1.6325811357390492
decision_type=2 2 2 2 2
left_child=1 4 3 -3 -1
right_child=-2 2 -4 -5 -6
leaf_value=-0.00039613519032355438 0.0012216443432582554 1.1653774892739496e-06 -1.6767536696657081e-05 0.00012328391249877589 -0.00020420150671519237
leaf_weight=32 600 146 40 50 32
leaf_count=32 600 146 40 50 32
internal_value=0.00144444 -0.000666667 -4.23728e-05 0.000459184 -0.00296875
internal_weight=900 300 236 196 64
internal_count=900 300 236 196 64
is_linear=0
shrinkage=0.05


Tree=50
num_leaves=6
num_cat=0
split_feature=0 0 0 1 0
split_gain=0.802222 0.172461 0.116361 0.0290858 0.015625
threshold=1.7634724780698872 1.6577450746573761 1.7521024354686638 1.750745192351685 1.6325811357390492
decision_type=2 2 2 2 2
left_child=1 4 3 -3 -1
right_child=-2 2 -4 -5 -6
leaf_value=-0.00037632843080737111 0.0011605621260953444 1.1071086148151384e-06 -1.5929159861824068e-05 0.00011711971687384002 -0.00019399143137943314
leaf_weight=32 600 146 40 50 32
leaf_count=32 600 146 40 50 32
internal_value=0.00144444 -0.000666667 -4.23728e-05 0.000459184 -0.00296875
internal_weight=900 300 236 196 64
internal_count=900 300 236 196 64
is_linear=0
shrinkage=0.05


Tree=51
num_leaves=6
num_cat=0
split_feature=0 1 0 1 1
split_gain=0.845 0.194444 0.246513 0.0766538 0.0295833
threshold=1.7634724780698872 1.7624182513048463 1.6502690070762926 1.7521660464032875 1.7813374391181116
decision_type=2 2 2 2 2
left_child=1 2 -1 -4 -2
right_child=4 -3 3 -5 -6
leaf_value=-0.000380085241269128 0.00023341881076202167 -2.6566636829385086e-05 1.0289687456124851e-06 0.00023764757598592008 0.0014381614039485442
leaf_weight=51 32 48 162 39 568
leaf_count=51 32 48 162 39 568
internal_value=0.00133333 -0.000833333 -0.000277778 0.00050995 0.00241667
internal_weight=900 300 252 201 600
internal_count=900 300 252 201 600
is_linear=0
shrinkage=0.05


Tree=52
num_leaves=6
num_cat=0
split_feature=0 1 0 0 0
split_gain=0.902698 0.251772 0.231 0.0920601 2.22045e-16
threshold=1.7742951361621071 1.7795897694647902 1.6502690070762926 1.7394276881019406 2.0337156746350886
decision_type=2 2 2 2 2
left_child=1 2 -1 -4 -2
right_child=4 -3 3 -5 -6
leaf_value=-0.00036108097920566794 0.001345007787777408 -5.3697370968167383e-05 2.5611327655734863e-05 -1.2495795899689451e-05 0.0026854862682877513
leaf_weight=51 534 34 166 85 30
leaf_count=51 534 34 166 85 30
internal_value=0.00127778 -0.000773809 -0.000314569 0.000308765 0.0025
internal_weight=900 336 302 251 564
internal_count=900 336 302 251 564
is_linear=0
shrinkage=0.05


Tree=53
num_leaves=6
num_cat=0
split_feature=0 1 1 0 0
split_gain=0.986627 0.233737 0.154425 0.2084 2.22045e-16
threshold=1.7742951361621071 1.7795897694647902 1.7647811980001842 1.7421514489717114 2.0337156746350886
decision_type=2 2 2 2 2
left_child=1 2 3 -1 -2
right_child=4 -3 -4 -5 -6
leaf_value=-2.688694091189882e-07 0.0012777573983885349 -5.101250241975917e-05 0.00027292197397503769 -2.0151784425887406e-05 0.002551211954873356
leaf_weight=228 534 34 38 36 30
leaf_count=228 534 34 38 36 30
internal_value=0.00122222 -0.000922619 -0.000480132 -0.000909091 0.0025
internal_weight=900 336 302 264 564
internal_count=900 336 302 264 564
is_linear=0
shrinkage=0.05


Tree=54
num_leaves=9
num_cat=0
split_feature=0 0 1 0 1 0 0 0
split_gain=0.986627 0.115582 0.188462 0.147058 0.250604 0.0625 0.0595533 2.22045e-16
threshold=1.7742951361621071 1.6839654898854342 1.6706751715568109 1.7521024354686638 1.7713252719903425 1.6325811357390492 1.7009667340155568 2.0337156746350886
decision_type=2 2 2 2 2 2 2 2
left_child=1 2 5 6 -5 -1 -3 -2
right_child=7 3 -4 4 -6 -7 -8 -9
leaf_value=-0.00032044025477280248 0.0012138695284691138 7.3659041314583665e-05 -0.00041379553041475281 -1.5053337237816177e-05 0.0003529714048259636 0.0002535991740904528 7.7418930141501364e-06 0.0024236513571296971
leaf_weight=32 534 32 40 31 45 32 124 30
leaf_count=32 534 32 40 31 45 32 124 30
internal_value=0.00122222 -0.000922619 -0.00230769 -0.000301724 -0.00210526 -0.000625 0.000576923 0.0025
internal_weight=900 336 104 232 76 64 156 564
internal_count=900 336 104 232 76 64 156 564
is_linear=0
shrinkage=0.05


Tree=55
num_leaves=6
num_cat=0
split_feature=0 1 1 0 0
split_gain=0.986627 0.233737 0.118329 0.29424 2.22045e-16
threshold=1.7742951361621071 1.7795897694647902 1.7678913413553594 1.7451549335322738 2.0337156746350886
decision_type=2 2 2 2 2
left_child=1 2 3 -1 -2
right_child=4 -3 -4 -5 -6
leaf_value=-3.8112954470673348e-06 0.001153176052045657 -4.2942378307492303e-05 0.00042669079047639172 -1.3988186236703812e-05 0.0023024687892732043
leaf_weight=240 534 34 30 32 30
leaf_count=240 534 34 30 32 30
internal_value=0.00122222 -0.000922619 -0.000480132 -0.000808823 0.0025
internal_weight=900 336 302 272 564
internal_count=900 336 302 272 564
is_linear=0
shrinkage=0.05


Tree=56
num_leaves=6
num_cat=0
split_feature=0 1 1 0 0
split_gain=0.902698 0.10296 0.118329 0.29424 2.22045e-16
threshold=1.7742951361621071 1.7795897694647902 1.7678913413553594 1.7451549335322738 2.0337156746350886
decision_type=2 2 2 2 2
left_child=1 2 3 -1 -2
right_child=4 -3 -4 -5 -6
leaf_value=-3.6207306747163142e-06 0.0010955172494433786 -4.0795259392117965e-05 0.00040535625095257101 -1.3288776924870935e-05 0.0021873453498095332
leaf_weight=240 534 34 30 32 30
leaf_count=240 534 34 30 32 30
internal_value=0.00127778 -0.000773809 -0.000480132 -0.000808823 0.0025
internal_weight=900 336 302 272 564
internal_count=900 336 302 272 564
is_linear=0
shrinkage=0.05


Tree=57
num_leaves=9
num_cat=0
split_feature=0 1 0 0 1 0 0 1
split_gain=0.932337 0.101413 0.1875 0.115403 0.0970149 0.0625 4.44089e-16 2.77556e-17
threshold=1.7774616966011447 1.7624182513048463 1.7570453784133842 1.6502690070762926 1.7521660464032875 1.767879511529163 1.8045230156208121 1.7963136075641064
decision_type=2 2 2 2 2 2 2 2
left_child=1 3 -3 -1 -5 -4 7 -2
right_child=6 2 5 4 -6 -7 -8 -9
leaf_value=-0.00034097085952101958 5.8819223169015447e-05 -2.5179993662383062e-05 0.00016710320187356888 -2.786608566548722e-06 0.00022487175569753807 -2.6925748514499918e-05 0.001629760517918899 0.0011392782849522166
leaf_weight=51 30 32 32 162 39 32 464 58
leaf_count=51 30 32 32 162 39 32 464 58
internal_value=0.00122222 -0.000804598 -0.0021875 -0.000277778 0.000261194 -0.000625 0.0025 0.0025
internal_weight=900 348 96 252 201 64 552 88
internal_count=900 348 96 252 201 64 552 88
is_linear=0
shrinkage=0.05


Tree=58
num_leaves=9
num_cat=0
split_feature=0 1 0 0 1 0 0 1
split_gain=0.932337 0.101413 0.1875 0.115403 0.0970149 0.0625 4.44089e-16 2.77556e-17
threshold=1.7774616966011447 1.7624182513048463 1.7570453784133842 1.6502690070762926 1.7521660464032875 1.767879511529163 1.8045230156208121 1.7963136075641064
decision_type=2 2 2 2 2 2 2 2
left_child=1 3 -3 -1 -5 -4 7 -2
right_child=6 2 5 4 -6 -7 -8 -9
leaf_value=-0.00032392231654496931 5.5878262010566898e-05 -2.3920993979265017e-05 0.00015874804177989289 -2.6472781382205781e-06 0.00021362816791265654 -2.5579461088770186e-05 0.0015482724920229509 0.0010823143707046068
leaf_weight=51 30 32 32 162 39 32 464 58
leaf_count=51 30 32 32 162 39 32 464 58
internal_value=0.00122222 -0.000804598 -0.0021875 -0.000277778 0.000261194 -0.000625 0.0025 0.0025
internal_weight=900 348 96 252 201 64 552 88
internal_count=900 348 96 252 201 64 552 88
is_linear=0
shrinkage=0.05


Tree=59
num_leaves=8
num_cat=0
split_feature=0 0 0 1 1 0 1
split_gain=0.853027 0.0731039 0.068675 0.273485 0.0450909 4.44089e-16 2.77556e-17
threshold=1.7774616966011447 1.6577450746573761 1.7521024354686638 1.7713252719903425 1.750745192351685 1.8045230156208121 1.7963136075641064
decision_type=2 2 2 2 2 2 2
left_child=1 -1 4 -4 -3 6 -2
right_child=5 2 3 -5 -6 -7 -8
leaf_value=-0.00027547552130936234 5.308434891003744e-05 -1.2814290393386852e-06 -2.5488270962815296e-05 0.00011101071943742715 7.8972972714944631e-05 0.0014708588674217983 0.0010281986521693766
leaf_weight=64 30 146 33 55 50 464 58
leaf_count=64 30 146 33 55 50 464 58
internal_value=0.00127778 -0.000660919 -0.000316901 -0.00147727 0.000204082 0.0025 0.0025
internal_weight=900 348 284 88 196 552 88
internal_count=900 348 284 88 196 552 88
is_linear=0
shrinkage=0.05


Tree=60
num_leaves=8
num_cat=0
split_feature=0 0 0 1 1 0 1
split_gain=0.853027 0.0731039 0.068675 0.273485 0.0450909 4.44089e-16 2.77556e-17
threshold=1.7774616966011447 1.6577450746573761 1.7521024354686638 1.7713252719903425 1.750745192351685 1.8045230156208121 1.7963136075641064
decision_type=2 2 2 2 2 2 2
left_child=1 -1 4 -4 -3 6 -2
right_child=5 2 3 -5 -6 -7 -8
leaf_value=-0.0002617017452438891 5.0430131464540565e-05 -1.2173575873724997e-06 -2.4213857414679563e-05 0.00010546018346555054 7.5024324079201455e-05 0.0013973159240507128 0.000976788719560906
leaf_weight=64 30 146 33 55 50 464 58
leaf_count=64 30 146 33 55 50 464 58
internal_value=0.00127778 -0.000660919 -0.000316901 -0.00147727 0.000204082 0.0025 0.0025
internal_weight=900 348 284 88 196 552 88
internal_count=900 348 284 88 196 552 88
is_linear=0
shrinkage=0.05


Tree=61
num_leaves=7
num_cat=0
split_feature=0 0 0 0 0 1
split_gain=0.731275 0.0783927 0.119751 0.102686 0.00860507 0.0229167
threshold=1.7774616966011447 1.6502690070762926 1.6725392866048401 1.6937815563441248 1.8063942490610354 1.8100589299282059
decision_type=2 2 2 2 2 2
left_child=1 -1 -3 -4 5 -2
right_child=4 2 3 -5 -6 -7
leaf_value=-0.00027858710552704121 0.00029722618135947691 2.1248154418077945e-05 -0.00010010373979003125 -8.0857085943783704e-06 0.0014212426832794622 0.00057150510166173625
leaf_weight=52 66 36 36 224 456 30
leaf_count=52 66 36 36 224 456 30
internal_value=0.00127778 -0.000517241 -0.000202703 -0.000576923 0.00240942 0.00197917
internal_weight=900 348 296 260 552 96
internal_count=900 348 296 260 552 96
is_linear=0
shrinkage=0.05


Tree=62
num_leaves=7
num_cat=0
split_feature=0 0 0 0 0 1
split_gain=0.594723 0.105575 0.091684 0.0581056 0.00860507 0.0229167
threshold=1.7774616966011447 1.6502690070762926 1.6725392866048401 1.767879511529163 1.8063942490610354 1.8100589299282059
decision_type=2 2 2 2 2 2
left_child=1 -1 -3 -4 5 -2
right_child=4 2 3 -5 -6 -7
leaf_value=-0.000264657750250687 0.00028236487229150634 2.0185746697169235e-05 1.2166756066034483e-06 -2.7661239238291299e-05 0.0013501805491154938 0.00054292984657865098
leaf_weight=52 66 36 228 32 456 30
leaf_count=52 66 36 228 32 456 30
internal_value=0.00138889 -0.000229885 0.000135135 -0.000192308 0.00240942 0.00197917
internal_weight=900 348 296 260 552 96
internal_count=900 348 296 260 552 96
is_linear=0
shrinkage=0.05


Tree=63
num_leaves=8
num_cat=0
split_feature=1 0 0 0 0 0 1
split_gain=0.617603 0.173095 0.139124 0.065194 0.0281853 0.00978289 0.0217054
threshold=1.7839643158461789 1.7661740766210079 1.6502690070762926 1.6725392866048401 1.7784208301763129 1.8063942490610354 1.8100589299282059
decision_type=2 2 2 2 2 2 2
left_child=1 2 -1 -4 -2 6 -6
right_child=4 -3 3 -5 5 -7 -8
leaf_value=-0.00025370509460115575 2.8864896345734956e-06 -2.6812984844824009e-05 0.00010676442788248798 1.5939628983734913e-06 0.00040369630916120471 0.0012826715216597239 0.00051578335424971769
leaf_weight=51 30 31 34 212 56 456 30
leaf_count=51 30 31 34 212 56 456 30
internal_value=0.00133333 -0.000396341 -2.52525e-05 0.00046748 0.00232517 0.00240775 0.0019186
internal_weight=900 328 297 246 572 542 86
internal_count=900 328 297 246 572 542 86
is_linear=0
shrinkage=0.05


Tree=64
num_leaves=6
num_cat=0
split_feature=0 0 0 0 0
split_gain=0.590769 0.117788 0.0822115 0.0668822 2.22045e-16
threshold=1.8108484526219748 1.6502690070762926 1.6725392866048401 1.8045230156208121 1.8278940770138712
decision_type=2 2 2 2 2
left_child=1 -1 -3 -4 -2
right_child=4 2 3 -5 -6
leaf_value=-0.00023873960800808899 0.00057782986018354297 1.3838237968181529e-05 1.8488424998038462e-06 -3.4616597627402076e-05 0.0017474884210424539
leaf_weight=52 64 36 348 32 368
leaf_count=52 64 36 348 32 368
internal_value=0.00116667 -6.41025e-05 0.000216346 6.51926e-11 0.0025
internal_weight=900 468 416 380 432
internal_count=900 468 416 380 432
is_linear=0
shrinkage=0.05


Tree=65
num_leaves=6
num_cat=0
split_feature=0 0 0 0 0
split_gain=0.590769 0.117788 0.0822115 0.0668822 2.22045e-16
threshold=1.8108484526219748 1.6502690070762926 1.6725392866048401 1.8045230156208121 1.8278940770138712
decision_type=2 2 2 2 2
left_child=1 -1 -3 -4 -2
right_child=4 2 3 -5 -6
leaf_value=-0.00022680262760768242 0.00054893836717436752 1.314632606977208e-05 1.7564003748156892e-06 -3.2885767746027561e-05 0.0016601139999903318
leaf_weight=52 64 36 348 32 368
leaf_count=52 64 36 348 32 368
internal_value=0.00116667 -6.41025e-05 0.000216346 6.51926e-11 0.0025
internal_weight=900 468 416 380 432
internal_count=900 468 416 380 432
is_linear=0
shrinkage=0.05


Tree=66
num_leaves=6
num_cat=0
split_feature=0 0 0 0 0
split_gain=0.590769 0.117788 0.0822115 0.0668822 2.22045e-16
threshold=1.8108484526219748 1.6502690070762926 1.6725392866048401 1.8045230156208121 1.8278940770138712
decision_type=2 2 2 2 2
left_child=1 -1 -3 -4 -2
right_child=4 2 3 -5 -6
leaf_value=-0.00021546249622729393 0.00052149144881564753 1.2489009766284771e-05 1.6685803560697238e-06 -3.1241479358723988e-05 0.0015771082999908152
leaf_weight=52 64 36 348 32 368
leaf_count=52 64 36 348 32 368
internal_value=0.00116667 -6.41025e-05 0.000216346 6.51926e-11 0.0025
internal_weight=900 468 416 380 432
internal_count=900 468 416 380 432
is_linear=0
shrinkage=0.05


Tree=67
num_leaves=6
num_cat=0
split_feature=0 0 0 0 0
split_gain=0.590769 0.117788 0.0822115 0.0668822 2.22045e-16
threshold=1.8108484526219748 1.6502690070762926 1.6725392866048401 1.8045230156208121 1.8278940770138712
decision_type=2 2 2 2 2
left_child=1 -1 -3 -4 -2
right_child=4 2 3 -5 -6
leaf_value=-0.00020468937141592433 0.00049541687637486562 1.1864559277966832e-05 1.5851513382643873e-06 -2.9679405390792812e-05 0.0014982528849912698
leaf_weight=52 64 36 348 32 368
leaf_count=52 64 36 348 32 368
internal_value=0.00116667 -6.41025e-05 0.000216346 6.51926e-11 0.0025
internal_weight=900 468 416 380 432
internal_count=900 468 416 380 432
is_linear=0
shrinkage=0.05


Tree=68
num_leaves=6
num_cat=0
split_feature=0 0 0 0 0
split_gain=0.590769 0.117788 0.0822115 0.0668822 2.22045e-16
threshold=1.8108484526219748 1.6502690070762926 1.6725392866048401 1.8045230156208121 1.8278940770138712
decision_type=2 2 2 2 2
left_child=1 -1 -3 -4 -2
right_child=4 2 3 -5 -6
leaf_value=-0.0001944549028451332 0.00047064603255612128 1.127133131407034e-05 1.5058937713548687e-06 -2.8195435121248203e-05 0.0014233402407417112
leaf_weight=52 64 36 348 32 368
leaf_count=52 64 36 348 32 368
internal_value=0.00116667 -6.41025e-05 0.000216346 6.51926e-11 0.0025
internal_weight=900 468 416 380 432
internal_count=900 468 416 380 432
is_linear=0
shrinkage=0.05


Tree=69
num_leaves=5
num_cat=0
split_feature=0 0 0 0
split_gain=0.586293 0.117463 0.0825688 0.0606061
threshold=1.8161372548366621 1.6502690070762926 1.6725392866048401 1.8054630606149362
decision_type=2 2 2 2
left_child=1 -1 -3 -4
right_child=-2 2 3 -5
leaf_value=-0.00018473215770287328 0.0011268566600426747 1.0707764748367006e-05 1.528280848719066e-06 -4.5448125574026225e-06
leaf_weight=52 412 36 352 48
leaf_count=52 412 36 352 48
internal_value=0.00111111 -6.14753e-05 0.000206422 6.51926e-11
internal_weight=900 488 436 400
internal_count=900 488 436 400
is_linear=0
shrinkage=0.05


Tree=70
num_leaves=5
num_cat=0
split_feature=0 0 0 0
split_gain=0.586293 0.117463 0.0825688 0.0606061
threshold=1.8161372548366621 1.6502690070762926 1.6725392866048401 1.8054630606149362
decision_type=2 2 2 2
left_child=1 -1 -3 -4
right_child=-2 2 3 -5
leaf_value=-0.00017549554981772971 0.0010705138270405425 1.0172376510945511e-05 1.4518668062809882e-06 -4.3175719295323493e-06
leaf_weight=52 412 36 352 48
leaf_count=52 412 36 352 48
internal_value=0.00111111 -6.14753e-05 0.000206422 6.51926e-11
internal_weight=900 488 436 400
internal_count=900 488 436 400
is_linear=0
shrinkage=0.05


Tree=71
num_leaves=6
num_cat=0
split_feature=0 0 0 0 0
split_gain=0.671707 0.111167 0.131246 0.150318 2.22045e-16
threshold=1.8166431336137148 1.6577450746573761 1.8054630606149362 1.7843972463289923 2.0130860333931575
decision_type=2 2 2 2 2
left_child=1 -1 3 -3 -2
right_child=4 2 -4 -5 -6
leaf_value=-0.00013675032478149547 0.001030968389939802 -6.3799631130793613e-06 -1.1155212608519798e-05 0.00048392590620435538 0.0012889702897717294
leaf_weight=64 369 308 52 68 39
leaf_count=64 369 308 52 68 39
internal_value=0.001 -0.000243902 4.6729e-05 0.00037234 0.0025
internal_weight=900 492 428 376 408
internal_count=900 492 428 376 408
is_linear=0
shrinkage=0.05


Tree=72
num_leaves=6
num_cat=0
split_feature=0 0 0 1 0
split_gain=0.671707 0.0990619 0.125615 0.0863793 2.22045e-16
threshold=1.8166431336137148 1.8054630606149362 1.6502690070762926 1.7963136075641064 2.0130860333931575
decision_type=2 2 2 2 2
left_child=1 2 -1 -4 -2
right_child=4 -3 3 -5 -6
leaf_value=-0.00015988325608776895 0.00097941997044280796 -1.0597451978093458e-05 -2.3056663715891706e-06 0.00024726469523535287 0.0012245217752831384
leaf_weight=52 369 52 313 75 39
leaf_count=52 369 52 313 75 39
internal_value=0.001 -0.000243902 6.51926e-11 0.000309278 0.0025
internal_weight=900 492 440 388 408
internal_count=900 492 440 388 408
is_linear=0
shrinkage=0.05


Tree=73
num_leaves=6
num_cat=0
split_feature=0 1 0 0 0
split_gain=0.774905 0.174907 0.120236 0.0802027 2.22045e-16
threshold=1.8166431336137148 1.8178793321675517 1.6502690070762926 1.6725392866048401 2.0130860333931575
decision_type=2 2 2 2 2
left_child=1 2 -1 -4 -2
right_child=4 -3 3 -5 -6
leaf_value=-0.00015416932514638308 0.00093044897192067269 -1.3542286430946642e-05 9.768600767981963e-05 -1.9245584306767992e-08 0.0011632956865189838
leaf_weight=51 369 53 34 354 39
leaf_count=51 369 53 34 354 39
internal_value=0.000888889 -0.000447154 -0.00011959 0.000180412 0.0025
internal_weight=900 492 439 388 408
internal_count=900 492 439 388 408
is_linear=0
shrinkage=0.05


Tree=74
num_leaves=8
num_cat=0
split_feature=0 1 0 0 1 0 0
split_gain=0.711801 0.174907 0.120236 0.0802027 0.0308824 1.11022e-16 1.11022e-16
threshold=1.8166431336137148 1.8178793321675517 1.6502690070762926 1.6725392866048401 1.835070166894132 2.0210766942744414 1.9595302452919692
decision_type=2 2 2 2 2 2 2
left_child=1 2 -1 -4 -2 6 -6
right_child=4 -3 3 -5 5 -7 -8
leaf_value=-0.00014646085888906626 0.00016691523313133654 -1.2865172109401041e-05 9.2801707295830284e-05 -1.8283305094898905e-08 0.0011591611610530239 0.0010314005515536628 0.0019586413378228306
leaf_weight=51 30 53 34 354 306 36 36
leaf_count=51 30 53 34 354 306 36 36
internal_value=0.000833333 -0.000447154 -0.00011959 0.000180412 0.00237745 0.0025 0.0025
internal_weight=900 492 439 388 408 378 342
internal_count=900 492 439 388 408 378 342
is_linear=0
shrinkage=0.05


Tree=75
num_leaves=8
num_cat=0
split_feature=0 1 0 0 1 0 0
split_gain=0.711801 0.174907 0.120236 0.0802027 0.0308824 1.11022e-16 1.11022e-16
threshold=1.8166431336137148 1.8178793321675517 1.6502690070762926 1.6725392866048401 1.835070166894132 2.0210766942744414 1.9595302452919692
decision_type=2 2 2 2 2 2 2
left_child=1 2 -1 -4 -2 6 -6
right_child=4 -3 3 -5 5 -7 -8
leaf_value=-0.00013913781594461475 0.00015856947147476689 -1.2221913503930498e-05 8.8161621931037064e-05 -1.7369139840292603e-08 0.00110120310300037 0.00097983052397598858 0.0018607092709316932
leaf_weight=51 30 53 34 354 306 36 36
leaf_count=51 30 53 34 354 306 36 36
internal_value=0.000833333 -0.000447154 -0.00011959 0.000180412 0.00237745 0.0025 0.0025
internal_weight=900 492 439 388 408 378 342
internal_count=900 492 439 388 408 378 342
is_linear=0
shrinkage=0.05


Tree=76
num_leaves=9
num_cat=0
split_feature=0 1 0 1 0 1 0 0
split_gain=0.817925 0.149683 0.141472 0.134444 0.0830221 0.0308824 1.11022e-16 1.11022e-16
threshold=1.8166431336137148 1.8178793321675517 1.6839654898854342 1.6706751715568109 1.7394276881019406 1.835070166894132 2.0210766942744414 1.9595302452919692
decision_type=2 2 2 2 2 2 2 2
left_child=1 2 3 -1 -4 -2 7 -7
right_child=5 -3 4 -5 -6 6 -8 -9
leaf_value=-9.7917471585012249e-06 0.00015064099790102964 -1.1610817828734592e-05 0.00010455453728243195 -0.00025461756769109883 -6.0891316964360488e-06 0.0010461429478503482 0.00093083899777719476 0.0017676738073851062
leaf_weight=64 30 53 117 36 222 306 36 36
leaf_count=64 30 53 117 36 222 306 36 36
internal_value=0.000722222 -0.000650406 -0.00034738 -0.002 0.000140118 0.00237745 0.0025 0.0025
internal_weight=900 492 439 100 339 408 378 342
internal_count=900 492 439 100 339 408 378 342
is_linear=0
shrinkage=0.05


Tree=77
num_leaves=9
num_cat=0
split_feature=0 1 0 0 1 0 0 0
split_gain=0.753056 0.149683 0.0974337 0.0990157 0.0261749 0.00777116 0.0229167 1.11022e-16
threshold=1.8166431336137148 1.8178793321675517 1.6502690070762926 1.6725392866048401 1.835070166894132 1.8551029660059275 1.8453058416800296 2.0210766942744414
decision_type=2 2 2 2 2 2 2 2
left_child=1 2 -1 -4 -2 6 -6 -7
right_child=4 -3 3 -5 5 7 -8 -9
leaf_value=-0.0001316913377894661 0.00014310894800597588 -1.1030276937297372e-05 9.64844192190444e-05 -2.1734016691096508e-06 0.00049972759325308538 0.001417190099239319 0.00078611980670020463 0.00088429704788832724
leaf_weight=51 30 53 34 354 66 246 30 36
leaf_count=51 30 53 34 354 66 246 30 36
internal_value=0.000666667 -0.000650406 -0.00034738 -7.73195e-05 0.0022549 0.00236772 0.00197917 0.0025
internal_weight=900 492 439 388 408 378 96 282
internal_count=900 492 439 388 408 378 96 282
is_linear=0
shrinkage=0.05


Tree=78
num_leaves=8
num_cat=0
split_feature=0 1 0 0 0 0 0
split_gain=0.765265 0.147779 0.0915534 0.104615 0.00891052 0.0217054 1.11022e-16
threshold=1.8278940770138712 1.8388965114997429 1.6502690070762926 1.6725392866048401 1.8551029660059275 1.8453058416800296 2.0210766942744414
decision_type=2 2 2 2 2 2 2
left_child=1 2 -1 -4 5 -2 -6
right_child=4 -3 3 -5 6 -7 -8
leaf_value=-0.00012510677089998793 0.00037570808771623113 -8.8480556464663851e-06 9.1660198258091598e-05 -1.9080790365250734e-06 0.0013463305942773571 0.00074681381636519011 0.0008400821954939186
leaf_weight=51 56 31 34 416 246 30 36
leaf_count=51 56 31 34 416 246 30 36
internal_value=0.000611111 -0.000601504 -0.000394212 -0.000166667 0.00236413 0.0019186 0.0025
internal_weight=900 532 501 450 368 86 282
internal_count=900 532 501 450 368 86 282
is_linear=0
shrinkage=0.05


Tree=79
num_leaves=11
num_cat=0
split_feature=0 0 1 0 0 1 1 0 0 0
split_gain=0.865349 0.155227 0.155376 0.0625 0.0461667 0.255571 0.118793 0.00891052 0.0217054 1.11022e-16
threshold=1.8278940770138712 1.6937815563441248 1.6706751715568109 1.6325811357390492 1.8054630606149362 1.829107609378245 1.7963136075641064 1.8551029660059275 1.8453058416800296 2.0210766942744414
decision_type=2 2 2 2 2 2 2 2 2 2
left_child=1 2 3 -1 6 -6 -3 8 -2 -9
right_child=7 4 -4 -5 5 -7 -8 9 -10 -11
leaf_value=-8.1927213562049694e-05 0.00035692268333041848 -1.0399372017680706e-05 -1.6313667034602369e-05 0.00020768722473887919 -3.8005630382495592e-05 0.0006768292796569842 0.00056859036238401386 0.0012790140645634893 0.00070947312554693511 0.00079807808571921159
leaf_weight=32 56 246 60 32 47 45 70 246 30 36
leaf_count=32 56 246 60 32 47 45 70 246 30 36
internal_value=0.0005 -0.000789474 -0.00233871 -0.000625 -0.000318627 -0.00130435 -3.16455e-05 0.00236413 0.0019186 0.0025
internal_weight=900 532 124 64 408 92 316 368 86 282
internal_count=900 532 124 64 408 92 316 368 86 282
is_linear=0
shrinkage=0.05


Tree=80
num_leaves=9
num_cat=0
split_feature=0 1 1 0 0 0 0 0
split_gain=0.671331 0.164828 0.114995 0.198857 0.10239 0.00891052 0.0217054 1.11022e-16
threshold=1.8278940770138712 1.8388965114997429 1.7963136075641064 1.7724506289604978 1.8054630606149362 1.8551029660059275 1.8453058416800296 2.0210766942744414
decision_type=2 2 2 2 2 2 2 2
left_child=1 2 3 -1 -4 6 -2 -7
right_child=5 -3 4 -5 -6 7 -8 -9
leaf_value=-1.2823184840056001e-06 0.00033907654916389698 -2.4918542405061696e-05 0.00083243577974457812 -1.8077256675399664e-05 -4.3367562994388669e-06 0.0012150633613353121 0.00067399946926958347 0.0007581741814332466
leaf_weight=315 56 31 64 49 73 246 30 36
leaf_count=315 56 31 64 49 73 246 30 36
internal_value=0.000722222 -0.000413534 -0.000194611 -0.000659341 0.00104015 0.00236413 0.0019186 0.0025
internal_weight=900 532 501 364 137 368 86 282
internal_count=900 532 501 364 137 368 86 282
is_linear=0
shrinkage=0.05


Tree=81
num_leaves=9
num_cat=0
split_feature=0 1 1 0 0 0 0 0
split_gain=0.671331 0.164828 0.114995 0.198857 0.10239 0.00891052 0.0217054 1.11022e-16
threshold=1.8278940770138712 1.8388965114997429 1.7963136075641064 1.7724506289604978 1.8054630606149362 1.8551029660059275 1.8453058416800296 2.0210766942744414
decision_type=2 2 2 2 2 2 2 2
left_child=1 2 3 -1 -4 6 -2 -7
right_child=5 -3 4 -5 -6 7 -8 -9
leaf_value=-1.2182025598024105e-06 0.00032212272170569769 -2.3672615284809186e-05 0.00079081399075734424 -1.7173393841632023e-05 -4.1199184844685844e-06 0.0011543101932685491 0.00064029949580610883 0.000720265472361592
leaf_weight=315 56 31 64 49 73 246 30 36
leaf_count=315 56 31 64 49 73 246 30 36
internal_value=0.000722222 -0.000413534 -0.000194611 -0.000659341 0.00104015 0.00236413 0.0019186 0.0025
internal_weight=900 532 501 364 137 368 86 282
internal_count=900 532 501 364 137 368 86 282
is_linear=0
shrinkage=0.05


Tree=82
num_leaves=8
num_cat=0
split_feature=0 0 0 0 0 0 0
split_gain=0.626669 0.0911232 0.105574 0.117669 0.00891052 0.0217054 1.11022e-16
threshold=1.8278940770138712 1.6502690070762926 1.6725392866048401 1.6937815563441248 1.8551029660059275 1.8453058416800296 2.0210766942744414
decision_type=2 2 2 2 2 2 2
left_child=1 -1 -3 -4 5 -2 -6
right_child=4 2 3 -5 6 -7 -8
leaf_value=-0.00012031421136520095 0.00030601658562041668 9.3502970004880572e-07 -9.6246435676534197e-05 6.2145715152318267e-09 0.0010965946836051239 0.00060828452101580228 0.00068425219874350689
leaf_weight=52 56 36 36 408 246 30 36
leaf_count=52 56 36 36 408 246 30 36
internal_value=0.000777778 -0.000319549 -0.000104167 -0.000315315 0.00236413 0.0019186 0.0025
internal_weight=900 532 480 444 368 86 282
internal_count=900 532 480 444 368 86 282
is_linear=0
shrinkage=0.05


Tree=83
num_leaves=8
num_cat=0
split_feature=0 0 0 0 0 0 0
split_gain=0.548765 0.105545 0.0924262 0.0581864 0.0107045 0.0198198 1.11022e-16
threshold=1.8326352913983921 1.6502690070762926 1.6725392866048401 1.8231170754838897 1.8551029660059275 1.8453058416800296 2.0210766942744414
decision_type=2 2 2 2 2 2 2
left_child=1 -1 -3 -4 5 -2 -6
right_child=4 2 3 -5 6 -7 -8
leaf_value=-0.0001142985007969375 0.00055158841972789122 8.8827821504325839e-07 7.5421789880842904e-07 -2.5589133673568229e-05 0.0010417649494248622 0.00057787029496501224 0.00065003958880633934
leaf_weight=52 44 36 424 32 246 30 36
leaf_count=52 44 36 424 32 246 30 36
internal_value=0.000833333 -0.000165441 6.09757e-05 -0.000131579 0.00235955 0.00182432 0.0025
internal_weight=900 544 492 456 356 74 282
internal_count=900 544 492 456 356 74 282
is_linear=0
shrinkage=0.05


Tree=84
num_leaves=7
num_cat=0
split_feature=0 0 0 0 1 1
split_gain=0.489414 0.105545 0.0924262 0.0581864 0.0337079 0.0883895
threshold=1.8326352913983921 1.6502690070762926 1.6725392866048401 1.8231170754838897 1.8708278347861855 1.8600001994561328
decision_type=2 2 2 2 2 2
left_child=1 -1 -3 -4 5 -2
right_child=4 2 3 -5 -6 -7
leaf_value=-0.00010858357575709168 0.00048713321482900728 8.4386430429409469e-07 7.165070038683384e-07 -2.4309676989889993e-05 0.0011801762377192946 8.6407257823051253e-05
leaf_weight=52 59 36 424 32 267 30
leaf_count=52 59 36 424 32 267 30
internal_value=0.000777778 -0.000165441 6.09757e-05 -0.000131579 0.0022191 0.0013764
internal_weight=900 544 492 456 356 89
internal_count=900 544 492 456 356 89
is_linear=0
shrinkage=0.05


Tree=85
num_leaves=7
num_cat=0
split_feature=0 0 0 0 1 1
split_gain=0.489414 0.105545 0.0924262 0.0581864 0.0337079 0.0883895
threshold=1.8326352913983921 1.6502690070762926 1.6725392866048401 1.8231170754838897 1.8708278347861855 1.8600001994561328
decision_type=2 2 2 2 2 2
left_child=1 -1 -3 -4 5 -2
right_child=4 2 3 -5 -6 -7
leaf_value=-0.00010315439696923924 0.0004627765540875537 8.0167108908349949e-07 6.8068165367081149e-07 -2.3094193140397331e-05 0.0011211674258333312 8.2086894931898702e-05
leaf_weight=52 59 36 424 32 267 30
leaf_count=52 59 36 424 32 267 30
internal_value=0.000777778 -0.000165441 6.09757e-05 -0.000131579 0.0022191 0.0013764
internal_weight=900 544 492 456 356 89
internal_count=900 544 492 456 356 89
is_linear=0
shrinkage=0.05


Tree=86
num_leaves=7
num_cat=0
split_feature=0 0 0 0 1 1
split_gain=0.489414 0.105545 0.0924262 0.0581864 0.0337079 0.0883895
threshold=1.8326352913983921 1.6502690070762926 1.6725392866048401 1.8231170754838897 1.8708278347861855 1.8600001994561328
decision_type=2 2 2 2 2 2
left_child=1 -1 -3 -4 5 -2
right_child=4 2 3 -5 -6 -7
leaf_value=-9.7996677120780549e-05 0.00043963772638317056 7.615875346301034e-07 6.4664757098538123e-07 -2.193948348337209e-05 0.0010651090545416716 7.798255018530709e-05
leaf_weight=52 59 36 424 32 267 30
leaf_count=52 59 36 424 32 267 30
internal_value=0.000777778 -0.000165441 6.09757e-05 -0.000131579 0.0022191 0.0013764
internal_weight=900 544 492 456 356 89
internal_count=900 544 492 456 356 89
is_linear=0
shrinkage=0.05


Tree=87
num_leaves=8
num_cat=0
split_feature=0 0 0 0 1 1 0
split_gain=0.433459 0.105545 0.0924262 0.0581864 0.0234082 0.0883895 0.029588
threshold=1.8326352913983921 1.6502690070762926 1.6725392866048401 1.8231170754838897 1.8708278347861855 1.8600001994561328 2.0337156746350886
decision_type=2 2 2 2 2 2 2
left_child=1 -1 -3 -4 5 -2 -6
right_child=4 2 3 -5 6 -7 -8
leaf_value=-9.3096843264738125e-05 0.00041765584006401494 7.2350815790048727e-07 6.1431519243311234e-07 -2.08425093092081e-05 0.0011971441115392746 7.4083422676041183e-05 0.00030175427218257503
leaf_weight=52 59 36 424 32 237 30 30
leaf_count=52 59 36 424 32 237 30 30
internal_value=0.000722222 -0.000165441 6.09757e-05 -0.000131579 0.00207865 0.0013764 0.00231273
internal_weight=900 544 492 456 356 89 267
internal_count=900 544 492 456 356 89 267
is_linear=0
shrinkage=0.05


Tree=88
num_leaves=9
num_cat=0
split_feature=0 0 1 0 0 1 1 0
split_gain=0.39868 0.0607767 0.0989434 0.237441 0.0300498 0.0234082 0.0883895 0.029588
threshold=1.8326352913983921 1.8231170754838897 1.7963136075641064 1.7724506289604978 1.8054630606149362 1.8708278347861855 1.8600001994561328 2.0337156746350886
decision_type=2 2 2 2 2 2 2 2
left_child=1 2 3 -1 -4 6 -2 -7
right_child=5 -3 4 -5 -6 7 -8 -9
leaf_value=1.7653619260748445e-07 0.00039677304806081873 -1.9800383843752309e-05 0.00022264394483533542 -1.648565334412505e-05 1.4174122110482619e-06 0.0011372869059623027 7.0379251542240784e-05 0.00028666655857345624
leaf_weight=315 59 32 76 49 72 237 30 30
leaf_count=315 59 32 76 49 72 237 30 30
internal_value=0.000777778 -7.35293e-05 5.85938e-05 -0.000384615 0.00114865 0.00207865 0.0013764 0.00231273
internal_weight=900 544 512 364 148 356 89 267
internal_count=900 544 512 364 148 356 89 267
is_linear=0
shrinkage=0.05


Tree=89
num_leaves=9
num_cat=0
split_feature=0 1 1 0 0 1 1 0
split_gain=0.414911 0.111354 0.0530303 0.237441 0.141631 0.0507689 0.208163 0.0294574
threshold=1.8326352913983921 1.8388965114997429 1.7963136075641064 1.7724506289604978 1.8054630606149362 1.8743866234475897 1.8629471058018481 2.0337156746350886
decision_type=2 2 2 2 2 2 2 2
left_child=1 2 3 -1 -4 6 -2 -7
right_child=5 -3 4 -5 -6 7 -8 -9
leaf_value=1.6770938297982444e-07 0.00042470531953138751 -1.5341749446577481e-05 0.00073997016478313251 -1.5661370676913922e-05 -6.9531572998288912e-06 0.0012163332324472088 -2.2612955564182238e-05 0.00027233323064477236
leaf_weight=315 68 37 64 49 79 228 30 30
leaf_count=315 68 37 64 49 79 228 30 30
internal_value=0.000611111 -0.000257353 -6.41025e-05 -0.000384615 0.000751748 0.0019382 0.000969388 0.0023062
internal_weight=900 544 507 364 143 356 98 258
internal_count=900 544 507 364 143 356 98 258
is_linear=0
shrinkage=0.05


Tree=90
num_leaves=9
num_cat=0
split_feature=0 1 1 0 0 1 1 0
split_gain=0.414911 0.111354 0.0530303 0.237441 0.141631 0.0507689 0.208163 0.0294574
threshold=1.8326352913983921 1.8388965114997429 1.7963136075641064 1.7724506289604978 1.8054630606149362 1.8743866234475897 1.8629471058018481 2.0337156746350886
decision_type=2 2 2 2 2 2 2 2
left_child=1 2 3 -1 -4 6 -2 -7
right_child=5 -3 4 -5 -6 7 -8 -9
leaf_value=1.5932391382744119e-07 0.00040347005355481619 -1.4574661974246584e-05 0.00070297165654397147 -1.4878302143064458e-05 -6.6054994348325376e-06 0.0011555165708248439 -2.148230778596865e-05 0.00025871656911253816
leaf_weight=315 68 37 64 49 79 228 30 30
leaf_count=315 68 37 64 49 79 228 30 30
internal_value=0.000611111 -0.000257353 -6.41025e-05 -0.000384615 0.000751748 0.0019382 0.000969388 0.0023062
internal_weight=900 544 507 364 143 356 98 258
internal_count=900 544 507 364 143 356 98 258
is_linear=0
shrinkage=0.05


Tree=91
num_leaves=9
num_cat=0
split_feature=0 1 1 0 0 1 1 0
split_gain=0.414911 0.111354 0.0530303 0.237441 0.141631 0.0507689 0.208163 0.0294574
threshold=1.8326352913983921 1.8388965114997429 1.7963136075641064 1.7724506289604978 1.8054630606149362 1.8743866234475897 1.8629471058018481 2.0337156746350886
decision_type=2 2 2 2 2 2 2 2
left_child=1 2 3 -1 -4 6 -2 -7
right_child=5 -3 4 -5 -6 7 -8 -9
leaf_value=1.5135771813545265e-07 0.00038329655087707121 -1.3845928875537228e-05 0.00066782307371677791 -1.4134387035915795e-05 -6.2752244630943281e-06 0.001097740742283604 -2.0408192396669626e-05 0.00024578074065690904
leaf_weight=315 68 37 64 49 79 228 30 30
leaf_count=315 68 37 64 49 79 228 30 30
internal_value=0.000611111 -0.000257353 -6.41025e-05 -0.000384615 0.000751748 0.0019382 0.000969388 0.0023062
internal_weight=900 544 507 364 143 356 98 258
internal_count=900 544 507 364 143 356 98 258
is_linear=0
shrinkage=0.05


Tree=92
num_leaves=8
num_cat=0
split_feature=0 1 0 1 1 1 0
split_gain=0.399099 0.193202 0.0694412 0.125715 0.0677894 0.188889 0.0294574
threshold=1.837487553507916 1.8436168367979511 1.8235039903799846 1.7963136075641064 1.8743866234475897 1.8629471058018481 2.0337156746350886
decision_type=2 2 2 2 2 2 2
left_child=1 2 3 -1 5 -2 -6
right_child=4 -3 -4 -5 6 -7 -8
leaf_value=-5.883778371535716e-06 0.00046989162833160653 -8.3106820962051812e-06 -1.8602888828198016e-05 0.00017560683877063086 0.001042853705169422 -1.9387782776835551e-05 0.00023349170362405581
leaf_weight=364 51 30 31 136 228 30 30
leaf_count=364 51 30 31 136 228 30 30
internal_value=0.000555556 -0.000262923 -4.23728e-05 0.0001 0.00191003 0.000648148 0.0023062
internal_weight=900 561 531 500 339 81 258
internal_count=900 561 531 500 339 81 258
is_linear=0
shrinkage=0.05


Tree=93
num_leaves=9
num_cat=0
split_feature=0 1 0 1 1 1 1 0
split_gain=0.467263 0.175961 0.0716189 0.240104 0.183566 0.0677894 0.188889 0.0294574
threshold=1.837487553507916 1.8436168367979511 1.8054630606149362 1.8303084631485877 1.7963136075641064 1.8743866234475897 1.8629471058018481 2.0337156746350886
decision_type=2 2 2 2 2 2 2 2
left_child=1 2 4 -4 -1 6 -2 -7
right_child=5 -3 3 -5 -6 7 -8 -9
leaf_value=-5.5895894529542547e-06 0.00044639704691502331 -7.8951479913911955e-06 -2.2574675327958805e-05 0.00050413250570555731 0.00062686036030646936 0.0009907110199109503 -1.8418393637997068e-05 0.00022181711844284637
leaf_weight=364 51 30 58 44 65 228 30 30
leaf_count=364 51 30 58 44 65 228 30 30
internal_value=0.000444445 -0.000441176 -0.000230697 -0.00142157 5.24476e-05 0.00191003 0.000648148 0.0023062
internal_weight=900 561 531 102 429 339 81 258
internal_count=900 561 531 102 429 339 81 258
is_linear=0
shrinkage=0.05


Tree=94
num_leaves=8
num_cat=0
split_feature=0 0 0 1 0 1 1
split_gain=0.444352 0.220031 0.104388 0.174907 0.0887132 0.0819849 0.188889
threshold=1.837487553507916 1.8249926390142692 1.8166431336137148 1.8178793321675517 2.0337156746350886 1.8743866234475897 1.8629471058018481
decision_type=2 2 2 2 2 2 2
left_child=1 2 3 -1 5 6 -2
right_child=4 -3 -4 -5 -6 -7 -8
leaf_value=-1.2879634039810337e-07 0.00042407719456926979 -2.3897338124396214e-05 0.00056134796356887293 -1.2154705623768677e-05 0.0002107262625206996 0.00094117546891540069 -1.7497473956095513e-05
leaf_weight=439 51 37 32 53 30 228 30
leaf_count=439 51 37 32 53 30 228 30
internal_value=0.000333333 -0.000530303 -0.000267176 -0.000447154 0.00176254 0.00201456 0.000648148
internal_weight=900 561 524 492 339 309 81
internal_count=900 561 524 492 339 309 81
is_linear=0
shrinkage=0.05


Tree=95
num_leaves=9
num_cat=0
split_feature=0 0 1 0 0 1 0 1
split_gain=0.399499 0.142619 0.0834439 0.329787 0.117829 0.0620155 0.507083 0.0651163
threshold=1.8333561520146213 1.8235039903799846 1.8743866234475897 1.8533005261737141 2.0337156746350886 1.7358123375235437 1.734576836500562 1.7175435778443564
decision_type=2 2 2 2 2 2 2 2
left_child=1 5 3 -2 -4 7 -7 -1
right_child=2 -3 4 -5 -6 6 -8 -9
leaf_value=-2.4697081000992142e-07 0.00036321639310384524 -2.6489109813586552e-05 0.00089411669546962669 -1.6369563339186956e-05 0.00020018994939465797 -6.8791854681053252e-05 1.0127534921997328e-06 0.00035607023136044014
leaf_weight=140 62 32 228 32 30 33 311 32
leaf_count=140 62 32 228 32 30 33 311 32
internal_value=0.000333333 -0.000510949 0.00164773 0.00037234 0.0021124 -0.000310077 -0.000697674 0.000465116
internal_weight=900 548 352 94 258 516 344 172
internal_count=900 548 352 94 258 516 344 172
is_linear=0
shrinkage=0.05


Tree=96
num_leaves=6
num_cat=0
split_feature=0 1 1 0 0
split_gain=0.391734 0.170281 0.135479 0.254632 0.116456
threshold=1.8681831506617248 1.8665983741314565 1.8523690579412362 1.8249926390142692 2.0337156746350886
decision_type=2 2 2 2 2
left_child=1 2 3 -1 -2
right_child=4 -3 -4 -5 -6
leaf_value=7.191582678327732e-07 0.0010445460382141336 -1.0938954773760405e-05 0.00048097171998807866 -1.8259469095535937e-05 0.00019018045192491508
leaf_weight=512 207 55 48 48 30
leaf_count=512 207 55 48 48 30
internal_value=0.000333333 -0.000290347 -4.9342e-05 -0.000267857 0.00207806
internal_weight=900 663 608 560 237
internal_count=900 663 608 560 237
is_linear=0
shrinkage=0.05


Tree=97
num_leaves=6
num_cat=0
split_feature=0 1 1 0 0
split_gain=0.367184 0.180057 0.12688 0.134394 0.116456
threshold=1.8681831506617248 1.8665983741314565 1.8523690579412362 1.8249926390142692 2.0337156746350886
decision_type=2 2 2 2 2
left_child=1 2 3 -1 -2
right_child=4 -3 -4 -5 -6
leaf_value=6.8320035444149082e-07 0.00099231873630343257 -1.0392007035071608e-05 0.00045692313398867533 -1.7346495640755129e-05 0.00018067142932867155
leaf_weight=512 207 55 48 48 30
leaf_count=512 207 55 48 48 30
internal_value=0.000388889 -0.000214932 3.28948e-05 -0.000178571 0.00207806
internal_weight=900 663 608 560 237
internal_count=900 663 608 560 237
is_linear=0
shrinkage=0.05


Tree=98
num_leaves=6
num_cat=0
split_feature=0 1 1 0 0
split_gain=0.367184 0.180057 0.12688 0.134394 0.116456
threshold=1.8681831506617248 1.8665983741314565 1.8523690579412362 1.8249926390142692 2.0337156746350886
decision_type=2 2 2 2 2
left_child=1 2 3 -1 -2
right_child=4 -3 -4 -5 -6
leaf_value=6.4904033671588667e-07 0.00094270279948825979 -9.872406683315587e-06 0.00043407697728924555 -1.6479170858716138e-05 0.00017163785786222796
leaf_weight=512 207 55 48 48 30
leaf_count=512 207 55 48 48 30
internal_value=0.000388889 -0.000214932 3.28948e-05 -0.000178571 0.00207806
internal_weight=900 663 608 560 237
internal_count=900 663 608 560 237
is_linear=0
shrinkage=0.05


Tree=99
num_leaves=6
num_cat=0
split_feature=0 1 1 0 0
split_gain=0.367184 0.180057 0.12688 0.134394 0.116456
threshold=1.8681831506617248 1.8665983741314565 1.8523690579412362 1.8249926390142692 2.0337156746350886
decision_type=2 2 2 2 2
left_child=1 2 3 -1 -2
right_child=4 -3 -4 -5 -6
leaf_value=6.1658831987545263e-07 0.00089556765951385184 -9.378786349152362e-06 0.0004123731284247828 -1.5655212315776876e-05 0.00016305596496910547
leaf_weight=512 207 55 48 48 30
leaf_count=512 207 55 48 48 30
internal_value=0.000388889 -0.000214932 3.28948e-05 -0.000178571 0.00207806
internal_weight=900 663 608 560 237
internal_count=900 663 608 560 237
is_linear=0
shrinkage=0.05


Tree=100
num_leaves=6
num_cat=0
split_feature=0 1 1 0 0
split_gain=0.367184 0.180057 0.12688 0.134394 0.116456
threshold=1.8681831506617248 1.8665983741314565 1.8523690579412362 1.8249926390142692 2.0337156746350886
decision_type=2 2 2 2 2
left_child=1 2 3 -1 -2
right_child=4 -3 -4 -5 -6
leaf_value=5.8575890387759534e-07 0.00085078927653815535 -8.9098470316972968e-06 0.00039175447200354873 -1.487245169998513e-05 0.00015490316672064355
leaf_weight=512 207 55 48 48 30
leaf_count=512 207 55 48 48 30
internal_value=0.000388889 -0.000214932 3.28948e-05 -0.000178571 0.00207806
internal_weight=900 663 608 560 237
internal_count=900 663 608 560 237
is_linear=0
shrinkage=0.05


Tree=101
num_leaves=6
num_cat=0
split_feature=0 1 1 0 0
split_gain=0.367184 0.180057 0.12688 0.134394 0.116456
threshold=1.8681831506617248 1.8665983741314565 1.8523690579412362 1.8249926390142692 2.0337156746350886
decision_type=2 2 2 2 2
left_child=1 2 3 -1 -2
right_child=4 -3 -4 -5 -6
leaf_value=5.5647095868629223e-07 0.00080824981271124816 -8.4643546801111008e-06 0.00037216674840337031 -1.4128829114987415e-05 0.00014715800838460691
leaf_weight=512 207 55 48 48 30
leaf_count=512 207 55 48 48 30
internal_value=0.000388889 -0.000214932 3.28948e-05 -0.000178571 0.00207806
internal_weight=900 663 608 560 237
internal_count=900 663 608 560 237
is_linear=0
shrinkage=0.05


Tree=102
num_leaves=6
num_cat=0
split_feature=0 1 1 0 0
split_gain=0.367184 0.180057 0.12688 0.134394 0.116456
threshold=1.8681831506617248 1.8665983741314565 1.8523690579412362 1.8249926390142692 2.0337156746350886
decision_type=2 2 2 2 2
left_child=1 2 3 -1 -2
right_child=4 -3 -4 -5 -6
leaf_value=5.2864741075399923e-07 0.00076783732207568183 -8.0411369461086548e-06 0.000353558410983203 -1.3422387659242915e-05 0.00013980010796537103
leaf_weight=512 207 55 48 48 30
leaf_count=512 207 55 48 48 30
internal_value=0.000388889 -0.000214932 3.28948e-05 -0.000178571 0.00207806
internal_weight=900 663 608 560 237
internal_count=900 663 608 560 237
is_linear=0
shrinkage=0.05


Tree=103
num_leaves=6
num_cat=0
split_feature=0 0 1 1 0
split_gain=0.343429 0.116456 0.0871465 0.12688 0.134394
threshold=1.8681831506617248 2.0337156746350886 1.8665983741314565 1.8523690579412362 1.8249926390142692
decision_type=2 2 2 2 2
left_child=2 -2 3 4 -1
right_child=1 -3 -4 -5 -6
leaf_value=5.0221504021721065e-07 0.0007294454559719 0.0001328101025670936 -7.6390800988046668e-06 0.00033588049043403907 -1.2751268276276203e-05
leaf_weight=512 207 30 55 48 48
leaf_count=512 207 30 55 48 48
internal_value=0.000444445 0.00207806 -0.000139517 3.28948e-05 -0.000178571
internal_weight=900 237 663 608 560
internal_count=900 237 663 608 560
is_linear=0
shrinkage=0.05


Tree=104
num_leaves=8
num_cat=0
split_feature=1 0 1 0 0 0 0
split_gain=0.321905 0.177783 0.162675 0.17105 0.104167 0.0291667 1.11022e-16
threshold=1.8743866234475897 1.8533005261737141 1.8444866505855595 1.8241767423023794 2.0337156746350886 1.8662556304644045 1.9476968607350129
decision_type=2 2 2 2 2 2 2
left_child=1 2 3 -1 5 -2 -7
right_child=4 -3 -4 -5 -6 6 -8
leaf_value=4.3153540788410104e-07 2.2876610331305904e-07 -1.0514091881169615e-05 0.00066079343978844699 -1.9018890089826832e-05 0.00012616959743874112 0.00070846562036562814 0.00035048550320155859
leaf_weight=504 30 32 62 32 30 153 57
leaf_count=504 30 32 62 32 30 153 57
internal_value=0.0005 -0.000119048 7.52509e-05 -0.000205224 0.00194444 0.00229167 0.0025
internal_weight=900 630 598 536 270 240 210
internal_count=900 630 598 536 270 240 210
is_linear=0
shrinkage=0.05


Tree=105
num_leaves=8
num_cat=0
split_feature=1 0 1 0 0 0 0
split_gain=0.321905 0.177783 0.162675 0.17105 0.104167 0.0291667 1.11022e-16
threshold=1.8743866234475897 1.8533005261737141 1.8444866505855595 1.8241767423023794 2.0337156746350886 1.8662556304644045 1.9476968607350129
decision_type=2 2 2 2 2 2 2
left_child=1 2 3 -1 5 -2 -7
right_child=4 -3 -4 -5 -6 6 -8
leaf_value=4.0995863749149487e-07 2.1732779814336145e-07 -9.9883872871130731e-06 0.00062775376779902596 -1.8067945585330433e-05 0.00011986111756681073 0.00067304233934735176 0.00033296122804147291
leaf_weight=504 30 32 62 32 30 153 57
leaf_count=504 30 32 62 32 30 153 57
internal_value=0.0005 -0.000119048 7.52509e-05 -0.000205224 0.00194444 0.00229167 0.0025
internal_weight=900 630 598 536 270 240 210
internal_count=900 630 598 536 270 240 210
is_linear=0
shrinkage=0.05


Tree=106
num_leaves=8
num_cat=0
split_feature=1 0 1 0 0 0 0
split_gain=0.321905 0.177783 0.162675 0.17105 0.104167 0.0291667 1.11022e-16
threshold=1.8743866234475897 1.8533005261737141 1.8444866505855595 1.8241767423023794 2.0337156746350886 1.8662556304644045 1.9476968607350129
decision_type=2 2 2 2 2 2 2
left_child=1 2 3 -1 5 -2 -7
right_child=4 -3 -4 -5 -6 6 -8
leaf_value=3.8946070561740878e-07 2.0646140823325899e-07 -9.4889679227604692e-06 0.00059636607940907597 -1.7164548306068846e-05 0.00011386806168847131 0.00063939022237998746 0.0003163131666394037
leaf_weight=504 30 32 62 32 30 153 57
leaf_count=504 30 32 62 32 30 153 57
internal_value=0.0005 -0.000119048 7.52509e-05 -0.000205224 0.00194444 0.00229167 0.0025
internal_weight=900 630 598 536 270 240 210
internal_count=900 630 598 536 270 240 210
is_linear=0
shrinkage=0.05


Tree=107
num_leaves=8
num_cat=0
split_feature=0 0 0 0 0 0 0
split_gain=0.283666 0.102484 0.0750425 0.140863 0.118231 0.0233333 5.55112e-17
threshold=1.8644280695893114 2.0337156746350886 1.8540267547359053 1.837487553507916 1.8249926390142692 1.8756582359499294 1.9659253010091258
decision_type=2 2 2 2 2 2 2
left_child=2 5 3 4 -1 -2 -7
right_child=1 -3 -4 -5 -6 6 -8
leaf_value=7.1654372800027079e-08 3.436463946886781e-05 0.0001081746586040433 -1.0899156288268866e-05 0.00032810110028917689 -1.2519682295359386e-05 0.0011555116420986389 0.00019824931126437574
leaf_weight=524 36 30 30 54 37 153 36
leaf_count=524 36 30 30 54 37 153 36
internal_value=0.0005 0.00191176 -5.81395e-05 6.09757e-05 -0.000173797 0.00227778 0.0025
internal_weight=900 255 645 615 561 225 189
internal_count=900 255 645 615 561 225 189
is_linear=0
shrinkage=0.05


Tree=108
num_leaves=9
num_cat=0
split_feature=0 0 1 1 0 1 1 0
split_gain=0.275769 0.115068 0.04394 0.174808 0.17105 0.0925432 0.0340278 5.55112e-17
threshold=1.8756582359499294 2.0337156746350886 1.8444866505855595 1.8665983741314565 1.8241767423023794 1.829107609378245 1.8774006761836459 1.9659253010091258
decision_type=2 2 2 2 2 2 2 2
left_child=2 7 4 -4 5 -1 -5 -2
right_child=1 -3 3 6 -6 -7 -8 -9
leaf_value=-3.2954340907802499e-06 0.0010977360599937036 0.00010276592567384225 0.00024583758189580107 -9.3764508670340961e-06 -1.5680336776001565e-05 0.00076103228430941512 -1.3812196810857275e-06 0.00018833684570116472
leaf_weight=469 153 30 73 32 32 35 40 36
leaf_count=469 153 30 73 32 32 35 40 36
internal_value=0.0005 0.00204338 3.67114e-06 0.000775862 -0.000205224 1.98413e-05 -0.000972222 0.0025
internal_weight=900 219 681 145 536 504 72 189
internal_count=900 219 681 145 536 504 72 189
is_linear=0
shrinkage=0.05


Tree=109
num_leaves=8
num_cat=0
split_feature=0 0 0 1 0 0 0
split_gain=0.295979 0.115068 0.0433773 0.150624 0.140863 0.118231 5.55112e-17
threshold=1.8756582359499294 2.0337156746350886 1.8540267547359053 1.8750633629588973 1.837487553507916 1.8249926390142692 1.9659253010091258
decision_type=2 2 2 2 2 2 2
left_child=2 6 4 -4 5 -1 -2
right_child=1 -3 3 -5 -6 -7 -8
leaf_value=1.4553970184700242e-07 0.0010428492569940163 9.7627629390140136e-05 -1.5019125364563563e-05 0.00010839592979135591 0.00030790349905310087 -1.1109681341798244e-05 0.00017892000341610537
leaf_weight=524 153 30 32 34 54 37 36
leaf_count=524 153 30 32 34 54 37 36
internal_value=0.000444445 0.00204338 -6.97503e-05 -0.00128788 6.09757e-05 -0.000173797 0.0025
internal_weight=900 219 681 66 615 561 189
internal_count=900 219 681 66 615 561 189
is_linear=0
shrinkage=0.05


Tree=110
num_leaves=8
num_cat=0
split_feature=0 0 0 1 0 0 0
split_gain=0.295979 0.115068 0.0433773 0.150624 0.140863 0.118231 5.55112e-17
threshold=1.8756582359499294 2.0337156746350886 1.8540267547359053 1.8750633629588973 1.837487553507916 1.8249926390142692 1.9659253010091258
decision_type=2 2 2 2 2 2 2
left_child=2 6 4 -4 5 -1 -2
right_child=1 -3 3 -5 -6 -7 -8
leaf_value=1.3826271675471639e-07 0.00099070679414431373 9.2746247920638686e-05 -1.4268169096338485e-05 0.00010297613330178622 0.00029250832410044155 -1.0554197274709747e-05 0.000169974003245299
leaf_weight=524 153 30 32 34 54 37 36
leaf_count=524 153 30 32 34 54 37 36
internal_value=0.000444445 0.00204338 -6.97503e-05 -0.00128788 6.09757e-05 -0.000173797 0.0025
internal_weight=900 219 681 66 615 561 189
internal_count=900 219 681 66 615 561 189
is_linear=0
shrinkage=0.05


Tree=111
num_leaves=8
num_cat=0
split_feature=0 0 0 0 0 0 0
split_gain=0.283666 0.102484 0.0750425 0.140863 0.118231 0.0233333 5.55112e-17
threshold=1.8644280695893114 2.0337156746350886 1.8540267547359053 1.837487553507916 1.8249926390142692 1.8756582359499294 1.9659253010091258
decision_type=2 2 2 2 2 2 2
left_child=2 5 3 4 -1 -2 -7
right_child=1 -3 -4 -5 -6 6 -8
leaf_value=1.3134958091315888e-07 2.5554868539758102e-05 8.8108935524600093e-05 -1.4163327220332188e-05 0.00027788290789541409 -1.002648741096957e-05 0.00094117145443709535 0.00016147530308303627
leaf_weight=524 36 30 30 54 37 153 36
leaf_count=524 36 30 30 54 37 153 36
internal_value=0.0005 0.00191176 -5.81395e-05 6.09757e-05 -0.000173797 0.00227778 0.0025
internal_weight=900 255 645 615 561 225 189
internal_count=900 255 645 615 561 225 189
is_linear=0
shrinkage=0.05


Tree=112
num_leaves=8
num_cat=0
split_feature=0 0 0 1 0 0 0
split_gain=0.295979 0.115068 0.0433773 0.150624 0.140863 0.118231 5.55112e-17
threshold=1.8756582359499294 2.0337156746350886 1.8540267547359053 1.8750633629588973 1.837487553507916 1.8249926390142692 1.9659253010091258
decision_type=2 2 2 2 2 2 2
left_child=2 6 4 -4 5 -1 -2
right_child=1 -3 3 -5 -6 -7 -8
leaf_value=1.2478210186367927e-07 0.0008941128817152367 8.3703488748376753e-05 -1.2846594280497664e-05 9.6549583209710506e-05 0.00026398876250064801 -9.5251630404197316e-06 0.0001534015379288878
leaf_weight=524 153 30 32 34 54 37 36
leaf_count=524 153 30 32 34 54 37 36
internal_value=0.000444445 0.00204338 -6.97503e-05 -0.00128788 6.09757e-05 -0.000173797 0.0025
internal_weight=900 219 681 66 615 561 189
internal_count=900 219 681 66 615 561 189
is_linear=0
shrinkage=0.05


Tree=113
num_leaves=8
num_cat=0
split_feature=0 0 0 1 0 0 0
split_gain=0.295979 0.115068 0.0433773 0.150624 0.140863 0.118231 5.55112e-17
threshold=1.8756582359499294 2.0337156746350886 1.8540267547359053 1.8750633629588973 1.837487553507916 1.8249926390142692 1.9659253010091258
decision_type=2 2 2 2 2 2 2
left_child=2 6 4 -4 5 -1 -2
right_child=1 -3 3 -5 -6 -7 -8
leaf_value=1.185429967755554e-07 0.00084940723762947376 7.9518314310966787e-05 -1.2204264566468665e-05 9.1722104049225304e-05 0.00025078932437561471 -9.0489048884040455e-06 0.00014573146103245005
leaf_weight=524 153 30 32 34 54 37 36
leaf_count=524 153 30 32 34 54 37 36
internal_value=0.000444445 0.00204338 -6.97503e-05 -0.00128788 6.09757e-05 -0.000173797 0.0025
internal_weight=900 219 681 66 615 561 189
internal_count=900 219 681 66 615 561 189
is_linear=0
shrinkage=0.05


Tree=114
num_leaves=8
num_cat=0
split_feature=0 0 0 0 0 0 0
split_gain=0.283666 0.102484 0.0750425 0.140863 0.118231 0.0233333 5.55112e-17
threshold=1.8644280695893114 2.0337156746350886 1.8540267547359053 1.837487553507916 1.8249926390142692 1.8756582359499294 1.9659253010091258
decision_type=2 2 2 2 2 2 2
left_child=2 5 3 4 -1 -2 -7
right_child=1 -3 -4 -5 -6 6 -8
leaf_value=1.1261584693795195e-07 1.7530072298007326e-05 7.5542398595418447e-05 -1.2202617916959744e-05 0.00023824985815682861 -8.5964596439785984e-06 0.00080693687574799893 0.00013844488798082645
leaf_weight=524 36 30 30 54 37 153 36
leaf_count=524 36 30 30 54 37 153 36
internal_value=0.0005 0.00191176 -5.81395e-05 6.09757e-05 -0.000173797 0.00227778 0.0025
internal_weight=900 255 645 615 561 225 189
internal_count=900 255 645 615 561 225 189
is_linear=0
shrinkage=0.05


Tree=115
num_leaves=9
num_cat=0
split_feature=0 0 0 1 0 0 1 0
split_gain=0.235477 0.0975284 0.0433773 0.150624 0.140863 0.118231 0.0269671 5.55112e-17
threshold=1.8756582359499294 2.0337156746350886 1.8540267547359053 1.8750633629588973 1.837487553507916 1.8249926390142692 1.89803853750055 1.972962484080008
decision_type=2 2 2 2 2 2 2 2
left_child=2 6 4 -4 5 -1 -2 -8
right_child=1 -3 3 -5 -6 -7 7 -9
leaf_value=1.0698505459444911e-07 0.00022573569690542694 7.1765278665658625e-05 -1.0983920442293288e-05 8.6259495231861584e-05 0.00022633736524898902 -8.1666366617833053e-06 0.0013433132501094347 0.00013057850599447197
leaf_weight=524 31 30 32 34 54 37 128 30
leaf_count=524 31 30 32 34 54 37 128 30
internal_value=0.000388889 0.00181507 -6.97503e-05 -0.00128788 6.09757e-05 -0.000173797 0.00223545 0.0025
internal_weight=900 219 681 66 615 561 189 158
internal_count=900 219 681 66 615 561 189 158
is_linear=0
shrinkage=0.05


Tree=116
num_leaves=9
num_cat=0
split_feature=0 0 0 1 0 0 1 0
split_gain=0.235477 0.0975284 0.0433773 0.150624 0.140863 0.118231 0.0269671 5.55112e-17
threshold=1.8756582359499294 2.0337156746350886 1.8540267547359053 1.8750633629588973 1.837487553507916 1.8249926390142692 1.89803853750055 1.972962484080008
decision_type=2 2 2 2 2 2 2 2
left_child=2 6 4 -4 5 -1 -2 -8
right_child=1 -3 3 -5 -6 -7 7 -9
leaf_value=1.0163580186479075e-07 0.00021444891206015006 6.8177014732384578e-05 -1.0434724420178394e-05 8.194652047027272e-05 0.00021502049698654365 -7.758304828692779e-06 0.0012761475876039597 0.0001240495806947406
leaf_weight=524 31 30 32 34 54 37 128 30
leaf_count=524 31 30 32 34 54 37 128 30
internal_value=0.000388889 0.00181507 -6.97503e-05 -0.00128788 6.09757e-05 -0.000173797 0.00223545 0.0025
internal_weight=900 219 681 66 615 561 189 158
internal_count=900 219 681 66 615 561 189 158
is_linear=0
shrinkage=0.05


Tree=117
num_leaves=9
num_cat=0
split_feature=0 0 0 0 0 1 1 0
split_gain=0.230006 0.088366 0.0750425 0.140863 0.118231 0.0428283 0.0727273 5.55112e-17
threshold=1.8644280695893114 2.0337156746350886 1.8540267547359053 1.837487553507916 1.8249926390142692 1.89803853750055 1.884742652568264 1.972962484080008
decision_type=2 2 2 2 2 2 2 2
left_child=2 5 3 4 -1 6 -2 -7
right_child=1 -3 -4 -5 -6 7 -8 -9
leaf_value=9.6554011776056198e-08 8.7672687061601226e-05 6.4768163995765346e-05 -1.0521554777990093e-05 0.00020426947213721223 -7.3703895872528955e-06 0.0012134589874228663 5.8604358104430437e-05 0.00011784710166000689
leaf_weight=524 36 30 30 54 37 129 30 30
leaf_count=524 36 30 30 54 37 129 30 30
internal_value=0.000444445 0.00171569 -5.81395e-05 6.09757e-05 -0.000173797 0.00205556 0.000984849 0.0025
internal_weight=900 255 645 615 561 225 66 159
internal_count=900 255 645 615 561 225 66 159
is_linear=0
shrinkage=0.05


Tree=118
num_leaves=9
num_cat=0
split_feature=0 0 0 1 0 0 1 0
split_gain=0.235477 0.0975284 0.0433773 0.150624 0.140863 0.118231 0.0269671 5.55112e-17
threshold=1.8756582359499294 2.0337156746350886 1.8540267547359053 1.8750633629588973 1.837487553507916 1.8249926390142692 1.89803853750055 1.972962484080008
decision_type=2 2 2 2 2 2 2 2
left_child=2 6 4 -4 5 -1 -2 -8
right_child=1 -3 3 -5 -6 -7 7 -9
leaf_value=9.1726311192313484e-08 0.00020079624855192659 6.1529755795985963e-05 -9.3869104602693439e-06 7.3465560093683756e-05 0.00019405599853035513 -7.0018701078872254e-06 0.0011516672588526178 0.00011195474657701433
leaf_weight=524 31 30 32 34 54 37 128 30
leaf_count=524 31 30 32 34 54 37 128 30
internal_value=0.000388889 0.00181507 -6.97503e-05 -0.00128788 6.09757e-05 -0.000173797 0.00223545 0.0025
internal_weight=900 219 681 66 615 561 189 158
internal_count=900 219 681 66 615 561 189 158
is_linear=0
shrinkage=0.05


Tree=119
num_leaves=9
num_cat=0
split_feature=0 0 0 1 0 0 1 0
split_gain=0.25418 0.0975284 0.0747488 0.241313 0.126446 0.118231 0.0269671 5.55112e-17
threshold=1.8756582359499294 2.0337156746350886 1.8527092750301664 1.8743866234475897 1.837487553507916 1.8249926390142692 1.89803853750055 1.972962484080008
decision_type=2 2 2 2 2 2 2 2
left_child=2 6 4 -4 5 -1 -2 -8
right_child=1 -3 3 -5 -6 -7 7 -9
leaf_value=8.7139995631651692e-08 0.00019075643612432859 5.8453268006175565e-05 -8.004715069032422e-06 8.4527521011264282e-05 0.00033548600892234867 -6.651776602490394e-06 0.0010940838959099918 0.00010635700924817028
leaf_weight=524 31 30 35 37 48 37 128 30
leaf_count=524 31 30 35 37 48 37 128 30
internal_value=0.000333333 0.00181507 -0.000143172 -0.00166667 3.69459e-05 -0.000173797 0.00223545 0.0025
internal_weight=900 219 681 72 609 561 189 158
internal_count=900 219 681 72 609 561 189 158
is_linear=0
shrinkage=0.05


end of trees

feature_importances:
Column_0=519
Column_1=196

parameters:
[boosting: gbdt]
[objective: quantile]
[metric: quantile]
[tree_learner: serial]
[device_type: cpu]
[data_sample_strategy: bagging]
[data: ]
[valid: ]
[num_iterations: 120]
[learning_rate: 0.05]
[num_leaves: 12]
[num_threads: 2]
[seed: 26170]
[deterministic: 0]
[force_col_wise: 0]
[force_row_wise: 0]
[histogram_pool_size: -1]
[max_depth: 4]
[min_data_in_leaf: 30]
[min_sum_hessian_in_leaf: 0.001]
[bagging_fraction: 1]
[pos_bagging_fraction: 1]
[neg_bagging_fraction: 1]
[bagging_freq: 0]
[bagging_seed: 13002]
[bagging_by_query: 0]
[feature_fraction: 1]
[feature_fraction_bynode: 1]
[feature_fraction_seed: 3933]
[extra_trees: 0]
[extra_seed: 13870]
[early_stopping_round: 0]
[early_stopping_min_delta: 0]
[first_metric_only: 0]
[max_delta_step: 0]
[lambda_l1: 0]
[lambda_l2: 0]
[linear_lambda: 0]
[min_gain_to_split: 0]
[drop_rate: 0.1]
[max_drop: 50]
[skip_drop: 0.5]
[xgboost_dart_mode: 0]
[uniform_drop: 0]
[drop_seed: 25549]
[top_rate: 0.2]
[other_rate: 0.1]
[min_data_per_group: 100]
[max_cat_threshold: 32]
[cat_l2: 10]
[cat_smooth: 10]
[max_cat_to_onehot: 4]
[top_k: 20]
[monotone_constraints: ]
[monotone_constraints_method: basic]
[monotone_penalty: 0]
[feature_contri: ]
[forcedsplits_filename: ]
[refit_decay_rate: 0.9]
[cegb_tradeoff: 1]
[cegb_penalty_split: 0]
[cegb_penalty_feature_lazy: ]
[cegb_penalty_feature_coupled: ]
[path_smooth: 0]
[interaction_constraints: ]
[verbosity: -1]
[saved_feature_importance_type: 0]
[use_quantized_grad: 0]
[num_grad_quant_bins: 4]
[quant_train_renew_leaf: 0]
[stochastic_rounding: 1]
[linear_tree: 0]
[max_bin: 255]
[max_bin_by_feature: ]
[min_data_in_bin: 3]
[bin_construct_sample_cnt: 200000]
[data_random_seed: 19962]
[is_enable_sparse: 1]
[enable_bundle: 1]
[use_missing: 1]
[zero_as_missing: 0]
[feature_pre_filter: 1]
[pre_partition: 0]
[two_round: 0]
[header: 0]
[label_column: ]
[weight_column: ]
[group_column: ]
[ignore_column: ]
[categorical_feature: ]
[forcedbins_filename: ]
[precise_float_parser: 0]
[parser_config_file: ]
[objective_seed: 31251]
[num_class: 1]
[is_unbalance: 0]
[scale_pos_weight: 1]
[sigmoid: 1]
[boost_from_average: 1]
[reg_sqrt: 0]
[alpha: 0.05]
[fair_c: 1]
[poisson_max_delta_step: 0.7]
[tweedie_variance_power: 1.5]
[lambdarank_truncation_level: 30]
[lambdarank_norm: 1]
[label_gain: ]
[lambdarank_position_bias_regularization: 0]
[eval_at: ]
[multi_error_top_k: 1]
[auc_mu_weights: ]
[num_machines: 1]
[local_listen_port: 12400]
[time_out: 120]
[machine_list_filename: ]
[machines: ]
[gpu_platform_id: -1]
[gpu_device_id: -1]
[gpu_device_id_list: ]
[gpu_use_dp: 0]
[num_gpu: 1]

end of parameters

pandas_categorical:null
