tree
version=v4
num_class=1
num_tree_per_iteration=1
label_index=0
max_feature_idx=1
objective=quantile
feature_names=Column_0 Column_1
feature_infos=[7.2599266107345759:32.747238396512124] [7.7078608450251185:33.077429305041576]
tree_sizes=705 835 833 835 835 838 665 751 749 662 662 660 748 662 749 749 662 748 749 660 660 660 665 660 665 660 660 664 659 664 660 661 665 662 665 661 663 667 664 667 664 666 668 664 753 753 754 668 749 747 758 757 757 757 758 758 757 757 756 758 758 758 758 758 758 674 669 667 671 586 669 666 670 588 667 927 586 668 670 669 750 754 675 585 669 671 670 671 672 672 671 674 673 585 672 669 1014 671 672 678 763 675 930 761 673 758 674 676 758 678 674 591 592 759 592 759 757 588 837 840

Tree=0
num_leaves=7
num_cat=0
split_feature=0 1 0 1 0 1
split_gain=10.5603 0.151645 1.01726 0.195818 0.0812402 0.107283
threshold=12.240465536140013 10.26304710771605 9.9827438993309929 11.689345843290051 9.4422663622041405 9.3592966386620873
decision_type=2 2 2 2 2 2
left_child=1 4 -3 -4 5 -1
right_child=-2 2 3 -5 -6 -7
leaf_value=20.503804839765209 21.589668252926366 21.04850339607065 20.788079585359469 20.961740278018418 20.557512341815581 20.937457814221556
leaf_weight=116 30 42 351 85 184 92
leaf_count=116 30 42 351 85 184 92
internal_value=20.9555 20.9545 20.9551 20.9544 20.9538 20.9544
internal_weight=900 870 478 436 392 208
internal_count=900 870 478 436 392 208
is_linear=0
shrinkage=1


Tree=1
num_leaves=8
num_cat=0
split_feature=0 1 0 1 0 1 1
split_gain=10.48 0.098936 1.01726 0.195818 0.0777464 0.0856375 0.00661341
threshold=12.240465536140013 10.26304710771605 9.9827438993309929 11.689345843290051 9.4422663622041405 9.2267438929695498 10.069832440324111
decision_type=2 2 2 2 2 2 2
left_child=1 4 -3 -4 5 -1 -6
right_child=-2 2 3 -5 6 -7 -8
leaf_value=-0.44540746245493423 0.60246742160939459 0.088360807596464863 -0.15904181257915867 0.0059358454468441124 -0.39672871346442024 -0.028748793876519324 -0.37579831619767035
leaf_weight=92 30 42 351 85 101 116 83
leaf_count=92 30 42 351 85 101 116 83
internal_value=0.000111111 -0.000890805 -0.00040795 -0.00112385 -0.00147959 -0.000817308 -0.00222826
internal_weight=900 870 478 436 392 208 184
internal_count=900 870 478 436 392 208 184
is_linear=0
shrinkage=0.05


Tree=2
num_leaves=8
num_cat=0
split_feature=0 1 0 1 0 1 1
split_gain=10.48 0.098936 1.01726 0.195818 0.0777464 0.0856375 0.00661341
threshold=12.240465536140013 10.26304710771605 9.9827438993309929 11.689345843290051 9.4422663622041405 9.2267438929695498 10.069832440324111
decision_type=2 2 2 2 2 2 2
left_child=1 4 -3 -4 5 -1 -6
right_child=-2 2 3 -5 6 -7 -8
leaf_value=-0.42313708933218752 0.5723440505289249 0.083942767216641567 -0.15108972195020076 0.005639053174501996 -0.37689227779119927 -0.027311354182693311 -0.35700840038778686
leaf_weight=92 30 42 351 85 101 116 83
leaf_count=92 30 42 351 85 101 116 83
internal_value=0.000111111 -0.000890805 -0.00040795 -0.00112385 -0.00147959 -0.000817308 -0.00222826
internal_weight=900 870 478 436 392 208 184
internal_count=900 870 478 436 392 208 184
is_linear=0
shrinkage=0.05


Tree=3
num_leaves=8
num_cat=0
split_feature=0 1 0 1 0 1 1
split_gain=10.44 0.119193 0.98883 0.175516 0.0777464 0.0856375 0.00661341
threshold=12.240465536140013 10.26304710771605 9.9827438993309929 11.689345843290051 9.4422663622041405 9.2267438929695498 10.069832440324111
decision_type=2 2 2 2 2 2 2
left_child=1 4 -3 -4 5 -1 -6
right_child=-2 2 3 -5 6 -7 -8
leaf_value=-0.40198023486557821 0.54372684800247861 0.079745628855809519 -0.14353523585269076 0.0053571005157769143 -0.35804766390163928 -0.025945786473558659 -0.3391579803683975
leaf_weight=92 30 42 351 85 101 116 83
leaf_count=92 30 42 351 85 101 116 83
internal_value=0.000166666 -0.000833334 -0.000303348 -0.00100917 -0.00147959 -0.000817308 -0.00222826
internal_weight=900 870 478 436 392 208 184
internal_count=900 870 478 436 392 208 184
is_linear=0
shrinkage=0.05


Tree=4
num_leaves=8
num_cat=0
split_feature=0 1 0 1 0 1 1
split_gain=10.44 0.119193 0.98883 0.175516 0.0777464 0.0856375 0.00661341
threshold=12.240465536140013 10.26304710771605 9.9827438993309929 11.689345843290051 9.4422663622041405 9.2267438929695498 10.069832440324111
decision_type=2 2 2 2 2 2 2
left_child=1 4 -3 -4 5 -1 -6
right_child=-2 2 3 -5 6 -7 -8
leaf_value=-0.38188122312229922 0.51654050560235465 0.07575834741301897 -0.13635847406005616 0.0050892454899880597 -0.34014528070655725 -0.024648497149880651 -0.32220008134997757
leaf_weight=92 30 42 351 85 101 116 83
leaf_count=92 30 42 351 85 101 116 83
internal_value=0.000166666 -0.000833334 -0.000303348 -0.00100917 -0.00147959 -0.000817308 -0.00222826
internal_weight=900 870 478 436 392 208 184
internal_count=900 870 478 436 392 208 184
is_linear=0
shrinkage=0.05


Tree=5
num_leaves=8
num_cat=0
split_feature=0 1 0 1 0 1 1
split_gain=10.44 0.119193 0.693614 0.156324 0.0777464 0.0856375 0.00661341
threshold=12.240465536140013 10.26304710771605 9.9827438993309929 11.689345843290051 9.4422663622041405 9.2267438929695498 10.069832440324111
decision_type=2 2 2 2 2 2 2
left_child=1 4 -3 -4 5 -1 -6
right_child=-2 2 3 -5 6 -7 -8
leaf_value=-0.36278716196618427 0.49071348032223699 0.071970430042368069 -0.12954055035705334 0.0048347832154886916 -0.32313801667122938 -0.023416072292386677 -0.30609007728247878
leaf_weight=92 30 42 351 85 101 116 83
leaf_count=92 30 42 351 85 101 116 83
internal_value=0.000166666 -0.000833334 -0.000303348 -0.000894496 -0.00147959 -0.000817308 -0.00222826
internal_weight=900 870 478 436 392 208 184
internal_count=900 870 478 436 392 208 184
is_linear=0
shrinkage=0.05


Tree=6
num_leaves=6
num_cat=0
split_feature=0 0 1 1 0
split_gain=9.27448 0.0663012 0.125626 0.214678 0.0697894
threshold=12.240465536140013 11.291121536759833 11.177437101431922 10.904773906244204 11.492774442521627
decision_type=2 2 2 2 2
left_child=1 2 3 -1 -3
right_child=-2 4 -4 -5 -6
leaf_value=-0.13527102827426765 0.46617780630612504 0.028170439951482606 -0.17770049703952717 0.047074378768006547 -0.041943811136040315
leaf_weight=615 30 30 108 66 51
leaf_count=615 30 30 108 66 51
internal_value=0.000166666 -0.000775863 -0.000915717 -0.000664465 0.000586419
internal_weight=900 870 789 681 81
internal_count=900 870 789 681 81
is_linear=0
shrinkage=0.05


Tree=7
num_leaves=7
num_cat=0
split_feature=0 1 0 1 0 1
split_gain=9.23682 0.0739087 0.446685 0.146741 0.0733753 0.292838
threshold=12.240465536140013 10.598348567382677 10.222724900736052 11.689345843290051 10.058467803093372 10.26304710771605
decision_type=2 2 2 2 2 2
left_child=1 4 -3 -4 5 -1
right_child=-2 2 3 -5 -6 -7
leaf_value=-0.2483219154209978 0.44286891599081885 0.063585956893386503 -0.097806907244467056 0.0082910106062998746 -0.34432120667575461 0.077298225516801017
leaf_weight=392 30 31 252 83 80 32
leaf_count=392 30 31 252 83 80 32
internal_value=0.000222222 -0.000718391 -0.000177596 -0.000708956 -0.00111111 -0.000849057
internal_weight=900 870 366 335 504 424
internal_count=900 870 366 335 504 424
is_linear=0
shrinkage=0.05


Tree=8
num_leaves=7
num_cat=0
split_feature=0 1 0 1 0 1
split_gain=9.19923 0.0971233 0.425683 0.123702 0.0733753 0.292838
threshold=12.240465536140013 10.598348567382677 10.222724900736052 11.689345843290051 10.058467803093372 10.26304710771605
decision_type=2 2 2 2 2 2
left_child=1 4 -3 -4 5 -1
right_child=-2 2 3 -5 -6 -7
leaf_value=-0.23590581964994786 0.42072547019127793 0.060406659048717129 -0.092916561882243648 0.007876460075984892 -0.32710514634196691 0.07343331424096089
leaf_weight=392 30 31 252 83 80 32
leaf_count=392 30 31 252 83 80 32
internal_value=0.000277777 -0.00066092 -4.09842e-05 -0.000559702 -0.00111111 -0.000849057
internal_weight=900 870 366 335 504 424
internal_count=900 870 366 335 504 424
is_linear=0
shrinkage=0.05


Tree=9
num_leaves=6
num_cat=0
split_feature=0 1 1 1 0
split_gain=9.04965 0.0957645 0.0697452 0.121527 0.0118577
threshold=12.240465536140013 9.2267438929695498 13.48018396462353 11.689345843290051 8.6257340900164419
decision_type=2 2 2 2 2
left_child=1 4 3 -3 -1
right_child=-2 2 -4 -5 -6
leaf_value=-0.3290642442452521 0.39968919668171399 -0.042185806682792683 -0.36530093725392049 0.029730524179172949 -0.30499347823947415
leaf_weight=48 30 676 33 69 44
leaf_count=48 30 676 33 69 44
internal_value=0.000499999 -0.000431035 -0.000250643 -0.000151007 -0.00195652
internal_weight=900 870 778 745 92
internal_count=900 870 778 745 92
is_linear=0
shrinkage=0.05


Tree=10
num_leaves=6
num_cat=0
split_feature=0 1 1 1 0
split_gain=7.93199 0.11074 0.0779438 0.105753 0.0118577
threshold=12.240465536140013 9.2267438929695498 13.48018396462353 11.689345843290051 8.6257340900164419
decision_type=2 2 2 2 2
left_child=1 4 3 -3 -1
right_child=-2 2 -4 -5 -6
leaf_value=-0.31261103203298951 0.37970473684762834 -0.040076516348653106 -0.34703589039122451 0.028243997970214353 -0.28974380432750041
leaf_weight=48 30 676 33 69 44
leaf_count=48 30 676 33 69 44
internal_value=0.000555555 -0.000316093 -0.000122109 -1.67791e-05 -0.00195652
internal_weight=900 870 778 745 92
internal_count=900 870 778 745 92
is_linear=0
shrinkage=0.05


Tree=11
num_leaves=6
num_cat=0
split_feature=0 1 1 1 0
split_gain=7.93199 0.11074 0.0779438 0.105753 0.0118577
threshold=12.240465536140013 9.2267438929695498 13.48018396462353 11.689345843290051 8.6257340900164419
decision_type=2 2 2 2 2
left_child=1 4 3 -3 -1
right_child=-2 2 -4 -5 -6
leaf_value=-0.29698048043134001 0.36071950000524694 -0.038072690531220511 -0.3296840958716632 0.026831798071703619 -0.2752566141111254
leaf_weight=48 30 676 33 69 44
leaf_count=48 30 676 33 69 44
internal_value=0.000555555 -0.000316093 -0.000122109 -1.67791e-05 -0.00195652
internal_weight=900 870 778 745 92
internal_count=900 870 778 745 92
is_linear=0
shrinkage=0.05


Tree=12
num_leaves=7
num_cat=0
split_feature=0 1 0 1 1 0
split_gain=7.9669 0.103116 0.084177 0.416805 0.170975 0.0118577
threshold=12.240465536140013 9.2267438929695498 10.161931445261377 10.355094948706308 10.735070391547579 8.6257340900164419
decision_type=2 2 2 2 2 2
left_child=1 5 3 -3 -4 -1
right_child=-2 2 4 -5 -6 -7
leaf_value=-0.28213145640977294 0.34268352500498467 -0.077576929005223991 -0.3261749086192437 0.052309429932340959 -0.014776194350274094 -0.26149378340556917
leaf_weight=48 30 328 99 60 291 44
leaf_count=48 30 328 99 60 291 44
internal_value=0.000499999 -0.000373564 -0.000186376 0.000335051 -0.000705129 -0.00195652
internal_weight=900 870 778 388 390 92
internal_count=900 870 778 388 390 92
is_linear=0
shrinkage=0.05


Tree=13
num_leaves=6
num_cat=0
split_feature=0 1 1 1 0
split_gain=7.93199 0.11074 0.0779438 0.105753 0.0118577
threshold=12.240465536140013 9.2267438929695498 13.48018396462353 11.689345843290051 8.6257340900164419
decision_type=2 2 2 2 2
left_child=1 4 3 -3 -1
right_child=-2 2 -4 -5 -6
leaf_value=-0.26802488358928439 0.32554934875473535 -0.037945984188393768 -0.31246108136056627 0.026229017885632189 -0.24841909423529068
leaf_weight=48 30 676 33 69 44
leaf_count=48 30 676 33 69 44
internal_value=0.000555555 -0.000316093 -0.000122109 -1.67791e-05 -0.00195652
internal_weight=900 870 778 745 92
internal_count=900 870 778 745 92
is_linear=0
shrinkage=0.05


Tree=14
num_leaves=7
num_cat=0
split_feature=0 1 0 1 1 0
split_gain=7.9669 0.103116 0.084177 0.416805 0.170975 0.0118577
threshold=12.240465536140013 9.2267438929695498 10.161931445261377 10.355094948706308 10.735070391547579 8.6257340900164419
decision_type=2 2 2 2 2 2
left_child=1 5 3 -3 -4 -1
right_child=-2 2 4 -5 -6 -7
leaf_value=-0.25462363940982019 0.30927188131699862 -0.071800783345543046 -0.30796886397886181 0.051591257645143655 -0.013744449382319513 -0.23599813952352611
leaf_weight=48 30 328 99 60 291 44
leaf_count=48 30 328 99 60 291 44
internal_value=0.000499999 -0.000373564 -0.000186376 0.000335051 -0.000705129 -0.00195652
internal_weight=900 870 778 388 390 92
internal_count=900 870 778 388 390 92
is_linear=0
shrinkage=0.05


Tree=15
num_leaves=7
num_cat=0
split_feature=0 1 0 1 1 0
split_gain=7.9669 0.103116 0.084177 0.416805 0.170975 0.0118577
threshold=12.240465536140013 9.2267438929695498 10.161931445261377 10.355094948706308 10.735070391547579 8.6257340900164419
decision_type=2 2 2 2 2 2
left_child=1 5 3 -3 -4 -1
right_child=-2 2 4 -5 -6 -7
leaf_value=-0.24189245743932908 0.29380828725114866 -0.068210744178265822 -0.29257042077991879 0.049011694762886519 -0.013057226913203568 -0.22419823254734972
leaf_weight=48 30 328 99 60 291 44
leaf_count=48 30 328 99 60 291 44
internal_value=0.000499999 -0.000373564 -0.000186376 0.000335051 -0.000705129 -0.00195652
internal_weight=900 870 778 388 390 92
internal_count=900 870 778 388 390 92
is_linear=0
shrinkage=0.05


Tree=16
num_leaves=6
num_cat=0
split_feature=0 1 1 1 0
split_gain=7.93199 0.11074 0.0779438 0.105753 0.0118577
threshold=12.240465536140013 9.2267438929695498 13.48018396462353 11.689345843290051 8.6257340900164419
decision_type=2 2 2 2 2
left_child=1 4 3 -3 -1
right_child=-2 2 -4 -5 -6
leaf_value=-0.22979783456736264 0.27911787288859119 -0.022140658285843107 -0.29549794347776176 0.026257650806126701 -0.21298832091998215
leaf_weight=48 30 676 33 69 44
leaf_count=48 30 676 33 69 44
internal_value=0.000555555 -0.000316093 -0.000122109 -1.67791e-05 -0.00195652
internal_weight=900 870 778 745 92
internal_count=900 870 778 745 92
is_linear=0
shrinkage=0.05


Tree=17
num_leaves=7
num_cat=0
split_feature=0 1 0 1 1 0
split_gain=7.9669 0.103116 0.084177 0.416805 0.170975 0.0118577
threshold=12.240465536140013 9.2267438929695498 10.161931445261377 10.355094948706308 10.735070391547579 8.6257340900164419
decision_type=2 2 2 2 2 2
left_child=1 5 3 -3 -4 -1
right_child=-2 2 4 -5 -6 -7
leaf_value=-0.21830794283899452 0.26516197924416168 -0.063693174055060406 -0.27683486682663083 0.047668142939034347 -0.01250728201473479 -0.20233890487398309
leaf_weight=48 30 328 99 60 291 44
leaf_count=48 30 328 99 60 291 44
internal_value=0.000499999 -0.000373564 -0.000186376 0.000335051 -0.000705129 -0.00195652
internal_weight=900 870 778 388 390 92
internal_count=900 870 778 388 390 92
is_linear=0
shrinkage=0.05


Tree=18
num_leaves=7
num_cat=0
split_feature=0 1 0 1 1 0
split_gain=7.93199 0.11074 0.0873351 0.249464 0.203555 0.0118577
threshold=12.240465536140013 9.2267438929695498 10.876066283126571 10.904773906244204 12.051795894845826 8.6257340900164419
decision_type=2 2 2 2 2 2
left_child=1 5 3 -3 -4 -1
right_child=-2 2 4 -5 -6 -7
leaf_value=-0.20739254569704482 0.25190388028195354 -0.04592702210266305 -0.22288777850715605 0.017828267580490831 0.044862477054508354 -0.19222195963028393
leaf_weight=48 30 523 123 102 30 44
leaf_count=48 30 523 123 102 30 44
internal_value=0.000555555 -0.000316093 -0.000122109 0.000139999 -0.00119281 -0.00195652
internal_weight=900 870 778 625 153 92
internal_count=900 870 778 625 153 92
is_linear=0
shrinkage=0.05


Tree=19
num_leaves=6
num_cat=0
split_feature=0 1 1 1 0
split_gain=7.89716 0.118635 0.0822139 0.098277 0.0118577
threshold=12.240465536140013 9.2267438929695498 13.48018396462353 11.689345843290051 8.6257340900164419
decision_type=2 2 2 2 2
left_child=1 4 3 -3 -1
right_child=-2 2 -4 -5 -6
leaf_value=-0.19702291841219255 0.23930868626785584 -0.022051843251300839 -0.28180012238201857 0.02694043381204957 -0.18261086164876972
leaf_weight=48 30 676 33 69 44
leaf_count=48 30 676 33 69 44
internal_value=0.000611111 -0.000258621 -5.78412e-05 5.0335e-05 -0.00195652
internal_weight=900 870 778 745 92
internal_count=900 870 778 745 92
is_linear=0
shrinkage=0.05


Tree=20
num_leaves=6
num_cat=0
split_feature=0 1 1 1 0
split_gain=7.89716 0.118635 0.0822139 0.098277 0.0118577
threshold=12.240465536140013 9.2267438929695498 13.48018396462353 11.689345843290051 8.6257340900164419
decision_type=2 2 2 2 2
left_child=1 4 3 -3 -1
right_child=-2 2 -4 -5 -6
leaf_value=-0.1871717724915829 0.22734325195446312 -0.020949251088735785 -0.26771011626291757 0.025593412121447025 -0.17348031856633117
leaf_weight=48 30 676 33 69 44
leaf_count=48 30 676 33 69 44
internal_value=0.000611111 -0.000258621 -5.78412e-05 5.0335e-05 -0.00195652
internal_weight=900 870 778 745 92
internal_count=900 870 778 745 92
is_linear=0
shrinkage=0.05


Tree=21
num_leaves=6
num_cat=0
split_feature=0 1 1 1 0
split_gain=7.89716 0.118635 0.0822139 0.098277 0.0118577
threshold=12.240465536140013 9.2267438929695498 13.48018396462353 11.689345843290051 8.6257340900164419
decision_type=2 2 2 2 2
left_child=1 4 3 -3 -1
right_child=-2 2 -4 -5 -6
leaf_value=-0.17781318386700376 0.21597608935674001 -0.019901788534298925 -0.25432461044977167 0.02431374151537459 -0.16480630263801466
leaf_weight=48 30 676 33 69 44
leaf_count=48 30 676 33 69 44
internal_value=0.000611111 -0.000258621 -5.78412e-05 5.0335e-05 -0.00195652
internal_weight=900 870 778 745 92
internal_count=900 870 778 745 92
is_linear=0
shrinkage=0.05


Tree=22
num_leaves=6
num_cat=0
split_feature=0 1 1 0 0
split_gain=7.93199 0.11074 0.0779438 0.0816972 0.0118577
threshold=12.240465536140013 9.2267438929695498 13.48018396462353 10.257371045481536 8.6257340900164419
decision_type=2 2 2 2 2
left_child=1 4 3 -3 -1
right_child=-2 2 -4 -5 -6
leaf_value=-0.16892252467365357 0.20517728488890299 0.011393391060217415 -0.24160837992728312 -0.037347137058827772 -0.15656598750611395
leaf_weight=48 30 405 33 340 44
leaf_count=48 30 405 33 340 44
internal_value=0.000555555 -0.000316093 -0.000122109 -1.67791e-05 -0.00195652
internal_weight=900 870 778 745 92
internal_count=900 870 778 745 92
is_linear=0
shrinkage=0.05


Tree=23
num_leaves=6
num_cat=0
split_feature=0 1 1 1 0
split_gain=7.89716 0.118635 0.0822139 0.098277 0.0118577
threshold=12.240465536140013 9.2267438929695498 13.48018396462353 11.689345843290051 8.6257340900164419
decision_type=2 2 2 2 2
left_child=1 4 3 -3 -1
right_child=-2 2 -4 -5 -6
leaf_value=-0.16047639843997086 0.19491842064445777 -0.017648579246288126 -0.22952796093091901 0.024965411292547205 -0.1487376881308082
leaf_weight=48 30 676 33 69 44
leaf_count=48 30 676 33 69 44
internal_value=0.000611111 -0.000258621 -5.78412e-05 5.0335e-05 -0.00195652
internal_weight=900 870 778 745 92
internal_count=900 870 778 745 92
is_linear=0
shrinkage=0.05


Tree=24
num_leaves=6
num_cat=0
split_feature=0 1 1 0 0
split_gain=7.93199 0.11074 0.0779438 0.0816972 0.0118577
threshold=12.240465536140013 9.2267438929695498 13.48018396462353 10.257371045481536 8.6257340900164419
decision_type=2 2 2 2 2
left_child=1 4 3 -3 -1
right_child=-2 2 -4 -5 -6
leaf_value=-0.15245257851797228 0.18517249961223481 0.011706150469520947 -0.21805156288437302 -0.036621524404738849 -0.14130080372426779
leaf_weight=48 30 405 33 340 44
leaf_count=48 30 405 33 340 44
internal_value=0.000555555 -0.000316093 -0.000122109 -1.67791e-05 -0.00195652
internal_weight=900 870 778 745 92
internal_count=900 870 778 745 92
is_linear=0
shrinkage=0.05


Tree=25
num_leaves=6
num_cat=0
split_feature=0 1 1 1 0
split_gain=6.9205 0.118635 0.0822139 0.098277 0.0118577
threshold=12.240465536140013 9.2267438929695498 13.48018396462353 11.689345843290051 8.6257340900164419
decision_type=2 2 2 2 2
left_child=1 4 3 -3 -1
right_child=-2 2 -4 -5 -6
leaf_value=-0.14482994959207371 0.17591387463162303 -0.015539150555926216 -0.20714898474015439 0.025548216948156802 -0.13423576353805444
leaf_weight=48 30 676 33 69 44
leaf_count=48 30 676 33 69 44
internal_value=0.000555555 -0.000258621 -5.78412e-05 5.0335e-05 -0.00195652
internal_weight=900 870 778 745 92
internal_count=900 870 778 745 92
is_linear=0
shrinkage=0.05


Tree=26
num_leaves=6
num_cat=0
split_feature=0 1 1 1 0
split_gain=6.9205 0.118635 0.0822139 0.098277 0.0118577
threshold=12.240465536140013 9.2267438929695498 13.48018396462353 11.689345843290051 8.6257340900164419
decision_type=2 2 2 2 2
left_child=1 4 3 -3 -1
right_child=-2 2 -4 -5 -6
leaf_value=-0.13758845211247001 0.16711818090004193 -0.014762193028129852 -0.19679153550314665 0.024270806100749002 -0.12752397536115173
leaf_weight=48 30 676 33 69 44
leaf_count=48 30 676 33 69 44
internal_value=0.000555555 -0.000258621 -5.78412e-05 5.0335e-05 -0.00195652
internal_weight=900 870 778 745 92
internal_count=900 870 778 745 92
is_linear=0
shrinkage=0.05


Tree=27
num_leaves=6
num_cat=0
split_feature=0 1 1 0 0
split_gain=6.9531 0.11074 0.0779438 0.0816972 0.0118577
threshold=12.240465536140013 9.2267438929695498 13.48018396462353 10.257371045481536 8.6257340900164419
decision_type=2 2 2 2 2
left_child=1 4 3 -3 -1
right_child=-2 2 -4 -5 -6
leaf_value=-0.13070902950684654 0.15876227185503994 0.012635910125247715 -0.18695195872798939 -0.037197892009702471 -0.12114777659309413
leaf_weight=48 30 405 33 340 44
leaf_count=48 30 405 33 340 44
internal_value=0.000499999 -0.000316093 -0.000122109 -1.67791e-05 -0.00195652
internal_weight=900 870 778 745 92
internal_count=900 870 778 745 92
is_linear=0
shrinkage=0.05


Tree=28
num_leaves=6
num_cat=0
split_feature=0 1 1 1 0
split_gain=6.9205 0.118635 0.0822139 0.098277 0.0118577
threshold=12.240465536140013 9.2267438929695498 13.48018396462353 11.689345843290051 8.6257340900164419
decision_type=2 2 2 2 2
left_child=1 4 3 -3 -1
right_child=-2 2 -4 -5 -6
leaf_value=-0.12417357803150422 0.15082415826228798 -0.01278709125322419 -0.17760436079158998 0.024917160396196795 -0.11509038776343941
leaf_weight=48 30 676 33 69 44
leaf_count=48 30 676 33 69 44
internal_value=0.000555555 -0.000258621 -5.78412e-05 5.0335e-05 -0.00195652
internal_weight=900 870 778 745 92
internal_count=900 870 778 745 92
is_linear=0
shrinkage=0.05


Tree=29
num_leaves=6
num_cat=0
split_feature=0 1 1 0 0
split_gain=6.03866 0.11074 0.0779438 0.0816972 0.0118577
threshold=12.240465536140013 9.2267438929695498 13.48018396462353 10.257371045481536 8.6257340900164419
decision_type=2 2 2 2 2
left_child=1 4 3 -3 -1
right_child=-2 2 -4 -5 -6
leaf_value=-0.11796489912992901 0.14328295034917354 0.012643469181646492 -0.16872414275201042 -0.03658385542902725 -0.10933586837526743
leaf_weight=48 30 405 33 340 44
leaf_count=48 30 405 33 340 44
internal_value=0.000444444 -0.000316093 -0.000122109 -1.67791e-05 -0.00195652
internal_weight=900 870 778 745 92
internal_count=900 870 778 745 92
is_linear=0
shrinkage=0.05


Tree=30
num_leaves=6
num_cat=0
split_feature=0 1 1 1 0
split_gain=5.1605 0.118635 0.0822139 0.098277 0.0118577
threshold=12.240465536140013 9.2267438929695498 13.48018396462353 11.689345843290051 8.6257340900164419
decision_type=2 2 2 2 2
left_child=1 4 3 -3 -1
right_child=-2 2 -4 -5 -6
leaf_value=-0.11206665417343259 0.13611880283171482 -0.011823141627105183 -0.16028793561440982 0.025500495147838267 -0.10386907495650402
leaf_weight=48 30 676 33 69 44
leaf_count=48 30 676 33 69 44
internal_value=0.000444444 -0.000258621 -5.78412e-05 5.0335e-05 -0.00195652
internal_weight=900 870 778 745 92
internal_count=900 870 778 745 92
is_linear=0
shrinkage=0.05


Tree=31
num_leaves=6
num_cat=0
split_feature=0 1 1 1 0
split_gain=5.1605 0.118635 0.0822139 0.098277 0.0118577
threshold=12.240465536140013 9.2267438929695498 13.48018396462353 11.689345843290051 8.6257340900164419
decision_type=2 2 2 2 2
left_child=1 4 3 -3 -1
right_child=-2 2 -4 -5 -6
leaf_value=-0.10646332146476097 0.12931286269012912 -0.011231984545749961 -0.15227353883368935 0.024225470390446351 -0.098675621208678788
leaf_weight=48 30 676 33 69 44
leaf_count=48 30 676 33 69 44
internal_value=0.000444444 -0.000258621 -5.78412e-05 5.0335e-05 -0.00195652
internal_weight=900 870 778 745 92
internal_count=900 870 778 745 92
is_linear=0
shrinkage=0.05


Tree=32
num_leaves=6
num_cat=0
split_feature=0 1 1 0 0
split_gain=4.4031 0.11074 0.0779438 0.0816972 0.0118577
threshold=12.240465536140013 9.2267438929695498 13.48018396462353 10.257371045481536 8.6257340900164419
decision_type=2 2 2 2 2
left_child=1 4 3 -3 -1
right_child=-2 2 -4 -5 -6
leaf_value=-0.10114015539152295 0.12284721955562272 0.013164052031206783 -0.14465986189200486 -0.037240960934490273 -0.093741840148244826
leaf_weight=48 30 405 33 340 44
leaf_count=48 30 405 33 340 44
internal_value=0.000333333 -0.000316093 -0.000122109 -1.67791e-05 -0.00195652
internal_weight=900 870 778 745 92
internal_count=900 870 778 745 92
is_linear=0
shrinkage=0.05


Tree=33
num_leaves=6
num_cat=0
split_feature=0 1 1 1 0
split_gain=4.37716 0.118635 0.0822139 0.098277 0.0118577
threshold=12.240465536140013 9.2267438929695498 13.48018396462353 11.689345843290051 8.6257340900164419
decision_type=2 2 2 2 2
left_child=1 4 3 -3 -1
right_child=-2 2 -4 -5 -6
leaf_value=-0.096083147621946807 0.11670485857784155 -0.010698545537468721 -0.13742686879740459 0.024876244917648452 -0.08905474814083264
leaf_weight=48 30 676 33 69 44
leaf_count=48 30 676 33 69 44
internal_value=0.000388888 -0.000258621 -5.78412e-05 5.0335e-05 -0.00195652
internal_weight=900 870 778 745 92
internal_count=900 870 778 745 92
is_linear=0
shrinkage=0.05


Tree=34
num_leaves=6
num_cat=0
split_feature=0 1 1 0 0
split_gain=3.68199 0.11074 0.0779438 0.0816972 0.0118577
threshold=12.240465536140013 9.2267438929695498 13.48018396462353 10.257371045481536 8.6257340900164419
decision_type=2 2 2 2 2
left_child=1 4 3 -3 -1
right_child=-2 2 -4 -5 -6
leaf_value=-0.09127899024084947 0.11086961564894954 0.01304077670651986 -0.13055552535753431 -0.036622725133648261 -0.084602010733791033
leaf_weight=48 30 405 33 340 44
leaf_count=48 30 405 33 340 44
internal_value=0.000277777 -0.000316093 -0.000122109 -1.67791e-05 -0.00195652
internal_weight=900 870 778 745 92
internal_count=900 870 778 745 92
is_linear=0
shrinkage=0.05


Tree=35
num_leaves=6
num_cat=0
split_feature=0 1 1 1 0
split_gain=3.65828 0.118635 0.0822139 0.098277 0.0118577
threshold=12.240465536140013 9.2267438929695498 13.48018396462353 11.689345843290051 8.6257340900164419
decision_type=2 2 2 2 2
left_child=1 4 3 -3 -1
right_child=-2 2 -4 -5 -6
leaf_value=-0.086715040728806966 0.10532613486650214 -0.01019488330410309 -0.12402774908965766 0.02546356892844831 -0.080371910197101493
leaf_weight=48 30 676 33 69 44
leaf_count=48 30 676 33 69 44
internal_value=0.000333333 -0.000258621 -5.78412e-05 5.0335e-05 -0.00195652
internal_weight=900 870 778 745 92
internal_count=900 870 778 745 92
is_linear=0
shrinkage=0.05


Tree=36
num_leaves=6
num_cat=0
split_feature=0 1 1 1 0
split_gain=3.00383 0.118635 0.0822139 0.098277 0.0118577
threshold=12.240465536140013 9.2267438929695498 13.48018396462353 11.689345843290051 8.6257340900164419
decision_type=2 2 2 2 2
left_child=1 4 3 -3 -1
right_child=-2 2 -4 -5 -6
leaf_value=-0.082379288692366617 0.10005982812317704 -0.009685139138897984 -0.11782636163517482 0.024190390482025929 -0.076353314687246432
leaf_weight=48 30 676 33 69 44
leaf_count=48 30 676 33 69 44
internal_value=0.000277777 -0.000258621 -5.78412e-05 5.0335e-05 -0.00195652
internal_weight=900 870 778 745 92
internal_count=900 870 778 745 92
is_linear=0
shrinkage=0.05


Tree=37
num_leaves=6
num_cat=0
split_feature=0 1 1 0 0
split_gain=3.02533 0.11074 0.0779438 0.0816972 0.0118577
threshold=12.240465536140013 9.2267438929695498 13.48018396462353 10.257371045481536 8.6257340900164419
decision_type=2 2 2 2 2
left_child=1 4 3 -3 -1
right_child=-2 2 -4 -5 -6
leaf_value=-0.078260324257748259 0.095056836717018103 0.013382738993343832 -0.1119350435534161 -0.037274286847489617 -0.072535648952884113
leaf_weight=48 30 405 33 340 44
leaf_count=48 30 405 33 340 44
internal_value=0.000222222 -0.000316093 -0.000122109 -1.67791e-05 -0.00195652
internal_weight=900 870 778 745 92
internal_count=900 870 778 745 92
is_linear=0
shrinkage=0.05


Tree=38
num_leaves=6
num_cat=0
split_feature=0 1 1 1 0
split_gain=2.41383 0.118635 0.0822139 0.098277 0.0118577
threshold=12.240465536140013 9.2267438929695498 13.48018396462353 11.689345843290051 8.6257340900164419
decision_type=2 2 2 2 2
left_child=1 4 3 -3 -1
right_child=-2 2 -4 -5 -6
leaf_value=-0.074347308044860852 0.090303994881167249 -0.009471008413371132 -0.10633829137574531 0.024844585300299021 -0.068908866505239891
leaf_weight=48 30 676 33 69 44
leaf_count=48 30 676 33 69 44
internal_value=0.000222222 -0.000258621 -5.78412e-05 5.0335e-05 -0.00195652
internal_weight=900 870 778 745 92
internal_count=900 870 778 745 92
is_linear=0
shrinkage=0.05


Tree=39
num_leaves=6
num_cat=0
split_feature=0 1 1 0 0
split_gain=1.90533 0.11074 0.0779438 0.0816972 0.0118577
threshold=12.240465536140013 9.2267438929695498 13.48018396462353 10.257371045481536 8.6257340900164419
decision_type=2 2 2 2 2
left_child=1 4 3 -3 -1
right_child=-2 2 -4 -5 -6
leaf_value=-0.070629942642617835 0.085788795137108853 0.01318715246434523 -0.10102137680695802 -0.036652801770130243 -0.065463423179977914
leaf_weight=48 30 405 33 340 44
leaf_count=48 30 405 33 340 44
internal_value=0.000111111 -0.000316093 -0.000122109 -1.67791e-05 -0.00195652
internal_weight=900 870 778 745 92
internal_count=900 870 778 745 92
is_linear=0
shrinkage=0.05


Tree=40
num_leaves=6
num_cat=0
split_feature=0 1 1 1 0
split_gain=1.8713 0.126802 0.0865979 0.123015 0.0118577
threshold=12.240465536140013 9.2267438929695498 13.48018396462353 10.904773906244204 8.6257340900164419
decision_type=2 2 2 2 2
left_child=1 4 3 -3 -1
right_child=-2 2 -4 -5 -6
leaf_value=-0.067098445510486923 0.081499355380253394 -0.03885738593605309 -0.095970307966610102 0.013124012055816189 -0.062190252020979032
leaf_weight=48 30 523 33 222 44
leaf_count=48 30 523 33 222 44
internal_value=0.000222222 -0.00020115 6.42614e-06 0.000117449 -0.00195652
internal_weight=900 870 778 745 92
internal_count=900 870 778 745 92
is_linear=0
shrinkage=0.05


Tree=41
num_leaves=6
num_cat=0
split_feature=0 1 1 1 0
split_gain=1.88828 0.118635 0.0822139 0.098277 0.0118577
threshold=12.240465536140013 9.2267438929695498 13.48018396462353 11.689345843290051 8.6257340900164419
decision_type=2 2 2 2 2
left_child=1 4 3 -3 -1
right_child=-2 2 -4 -5 -6
leaf_value=-0.063743523234962574 0.077424387611240778 -0.0096632696575583068 -0.091171792568279619 0.024778795520999791 -0.059080739419930063
leaf_weight=48 30 676 33 69 44
leaf_count=48 30 676 33 69 44
internal_value=0.000166666 -0.000258621 -5.78412e-05 5.0335e-05 -0.00195652
internal_weight=900 870 778 745 92
internal_count=900 870 778 745 92
is_linear=0
shrinkage=0.05


Tree=42
num_leaves=6
num_cat=0
split_feature=0 1 1 0 0
split_gain=1.44199 0.11074 0.0779438 0.0816972 0.0118577
threshold=12.240465536140013 9.2267438929695498 13.48018396462353 10.257371045481536 8.6257340900164419
decision_type=2 2 2 2 2
left_child=1 4 3 -3 -1
right_child=-2 2 -4 -5 -6
leaf_value=-0.060556347073214493 0.073553168230678881 0.012874584218398252 -0.086613202939865588 -0.036184202327374897 -0.056126702448933585
leaf_weight=48 30 405 33 340 44
leaf_count=48 30 405 33 340 44
internal_value=5.5555e-05 -0.000316093 -0.000122109 -1.67791e-05 -0.00195652
internal_weight=900 870 778 745 92
internal_count=900 870 778 745 92
is_linear=0
shrinkage=0.05


Tree=43
num_leaves=6
num_cat=0
split_feature=0 1 1 1 0
split_gain=1.41241 0.126802 0.0865979 0.123015 0.0118577
threshold=12.240465536140013 9.2267438929695498 13.48018396462353 10.904773906244204 8.6257340900164419
decision_type=2 2 2 2 2
left_child=1 4 3 -3 -1
right_child=-2 2 -4 -5 -6
leaf_value=-0.057528529719553759 0.06987550981914481 -0.034867452236699147 -0.08228254279287231 0.012343789453807576 -0.053320367326486907
leaf_weight=48 30 523 33 222 44
leaf_count=48 30 523 33 222 44
internal_value=0.000166666 -0.00020115 6.42614e-06 0.000117449 -0.00195652
internal_weight=900 870 778 745 92
internal_count=900 870 778 745 92
is_linear=0
shrinkage=0.05


Tree=44
num_leaves=7
num_cat=0
split_feature=0 1 0 0 1 0
split_gain=1.39774 0.139106 0.537967 0.0872546 0.0842014 0.0702263
threshold=12.240465536140013 10.26304710771605 9.9827438993309929 8.6783877781990579 10.735070391547579 9.1440845701414304
decision_type=2 2 2 2 2 2
left_child=1 3 -3 -1 -4 -5
right_child=-2 2 4 5 -6 -7
leaf_value=0.03786047879692489 0.066381734328187753 0.077754679133366186 -0.23176654359699753 -0.071826325003848987 0.0022746068480921601 -0.20960498944932393
leaf_weight=58 30 42 142 75 294 259
leaf_count=58 30 42 142 75 294 259
internal_value=0.000222222 -0.000143679 0.00042887 -0.000841837 -9.17437e-05 -0.0011527
internal_weight=900 870 478 392 436 334
internal_count=900 870 478 392 436 334
is_linear=0
shrinkage=0.05


Tree=45
num_leaves=7
num_cat=0
split_feature=0 1 0 0 1 0
split_gain=1.39774 0.139106 0.537967 0.0872546 0.0842014 0.0702263
threshold=12.240465536140013 10.26304710771605 9.9827438993309929 8.6783877781990579 10.735070391547579 9.1440845701414304
decision_type=2 2 2 2 2 2
left_child=1 3 -3 -1 -4 -5
right_child=-2 2 4 5 -6 -7
leaf_value=0.035967454857078598 0.063062647611778294 0.073866945176697826 -0.22017821641714766 -0.068235008753656512 0.0021608765056874879 -0.1991247399768577
leaf_weight=58 30 42 142 75 294 259
leaf_count=58 30 42 142 75 294 259
internal_value=0.000222222 -0.000143679 0.00042887 -0.000841837 -9.17437e-05 -0.0011527
internal_weight=900 870 478 392 436 334
internal_count=900 870 478 392 436 334
is_linear=0
shrinkage=0.05


Tree=46
num_leaves=7
num_cat=0
split_feature=0 1 0 0 1 0
split_gain=1.39774 0.139106 0.537967 0.0872546 0.0842014 0.0702263
threshold=12.240465536140013 10.26304710771605 9.9827438993309929 8.6783877781990579 10.735070391547579 9.1440845701414304
decision_type=2 2 2 2 2 2
left_child=1 3 -3 -1 -4 -5
right_child=-2 2 4 5 -6 -7
leaf_value=0.034169082114224626 0.059909515231189307 0.070173597917862998 -0.20916930559629035 -0.064823258315973672 0.0020528326804031116 -0.18916850297801491
leaf_weight=58 30 42 142 75 294 259
leaf_count=58 30 42 142 75 294 259
internal_value=0.000222222 -0.000143679 0.00042887 -0.000841837 -9.17437e-05 -0.0011527
internal_weight=900 870 478 392 436 334
internal_count=900 870 478 392 436 334
is_linear=0
shrinkage=0.05


Tree=47
num_leaves=6
num_cat=0
split_feature=0 1 1 1 0
split_gain=0.993142 0.143952 0.0957075 0.091806 0.0118577
threshold=12.240465536140013 9.2267438929695498 13.48018396462353 10.904773906244204 8.6257340900164419
decision_type=2 2 2 2 2
left_child=1 4 3 -3 -1
right_child=-2 2 -4 -5 -6
leaf_value=-0.060051954021987534 0.056914039469629786 -0.037249437421414268 -0.078492831454937795 0.011402184179408005 -0.040410119356488576
leaf_weight=48 30 523 33 222 44
leaf_count=48 30 523 33 222 44
internal_value=0.000222222 -8.62075e-05 0.000134961 0.000251677 -0.00195652
internal_weight=900 870 778 745 92
internal_count=900 870 778 745 92
is_linear=0
shrinkage=0.05


Tree=48
num_leaves=7
num_cat=0
split_feature=0 1 0 1 1 0
split_gain=0.677739 0.135241 0.100451 0.336257 0.193656 0.0118577
threshold=12.240465536140013 9.2267438929695498 10.754371307511422 10.904773906244204 11.689345843290051 8.6257340900164419
decision_type=2 2 2 2 2 2
left_child=1 5 3 -3 -4 -1
right_child=-2 2 4 -5 -6 -7
leaf_value=-0.057049356320888124 0.054068337496148193 -0.035386965550343485 -0.21988474509126257 0.039654778525590122 0.018373220550737195 -0.038389613388664139
leaf_weight=48 30 523 95 87 73 44
leaf_count=48 30 523 95 87 73 44
internal_value=0.000111111 -0.000143679 7.06935e-05 0.000368852 -0.00101191 -0.00195652
internal_weight=900 870 778 610 168 92
internal_count=900 870 778 610 168 92
is_linear=0
shrinkage=0.05


Tree=49
num_leaves=7
num_cat=0
split_feature=0 1 0 1 1 0
split_gain=0.687969 0.126802 0.116728 0.697184 0.109404 0.0118577
threshold=12.240465536140013 9.2267438929695498 10.257371045481536 10.598348567382677 10.735070391547579 8.6257340900164419
decision_type=2 2 2 2 2 2
left_child=1 5 3 -3 -4 -1
right_child=-2 2 4 -5 -6 -7
leaf_value=-0.0541968885048437 0.05136492062134082 -0.0350868061087906 -0.21112980260089531 0.054490811471731959 -0.0071302399448514471 -0.036470132719230899
leaf_weight=48 30 388 66 36 288 44
leaf_count=48 30 388 66 36 288 44
internal_value=5.5555e-05 -0.00020115 6.42614e-06 0.000566037 -0.000663842 -0.00195652
internal_weight=900 870 778 424 354 92
internal_count=900 870 778 424 354 92
is_linear=0
shrinkage=0.05


Tree=50
num_leaves=7
num_cat=0
split_feature=0 1 0 1 1 0
split_gain=0.698276 0.118635 0.110575 0.563269 0.118415 0.0118577
threshold=12.240465536140013 9.2267438929695498 10.107633006231907 10.355094948706308 10.735070391547579 8.6257340900164419
decision_type=2 2 2 2 2 2
left_child=1 5 3 -3 -4 -1
right_child=-2 2 4 -5 -6 -7
leaf_value=-0.051487044079601502 0.048796674590273884 -0.037504274047616491 -0.20065556716173136 0.060806127184332398 -0.00097863780348504247 -0.034646626083269363
leaf_weight=48 30 326 109 50 293 44
leaf_count=48 30 326 109 50 293 44
internal_value=-5.96046e-10 -0.000258621 -5.78412e-05 0.00055851 -0.000634329 -0.00195652
internal_weight=900 870 778 376 402 92
internal_count=900 870 778 376 402 92
is_linear=0
shrinkage=0.05


Tree=51
num_leaves=7
num_cat=0
split_feature=0 1 0 1 1 0
split_gain=0.698276 0.118635 0.110575 0.563269 0.118415 0.0118577
threshold=12.240465536140013 9.2267438929695498 10.107633006231907 10.355094948706308 10.735070391547579 8.6257340900164419
decision_type=2 2 2 2 2 2
left_child=1 5 3 -3 -4 -1
right_child=-2 2 4 -5 -6 -7
leaf_value=-0.048912691875621396 0.046356840860760334 -0.03562906034523565 -0.19062278880364475 0.057765820825115805 -0.00092970591331081171 -0.032914294779105902
leaf_weight=48 30 326 109 50 293 44
leaf_count=48 30 326 109 50 293 44
internal_value=-5.96046e-10 -0.000258621 -5.78412e-05 0.00055851 -0.000634329 -0.00195652
internal_weight=900 870 778 376 402 92
internal_count=900 870 778 376 402 92
is_linear=0
shrinkage=0.05


Tree=52
num_leaves=7
num_cat=0
split_feature=0 1 0 1 1 0
split_gain=0.698276 0.118635 0.110575 0.563269 0.118415 0.0118577
threshold=12.240465536140013 9.2267438929695498 10.107633006231907 10.355094948706308 10.735070391547579 8.6257340900164419
decision_type=2 2 2 2 2 2
left_child=1 5 3 -3 -4 -1
right_child=-2 2 4 -5 -6 -7
leaf_value=-0.046467057281840335 0.04403899881772233 -0.033847607327973823 -0.18109164936346256 0.054877529783860082 -0.00088322061764525687 -0.031268580040150609
leaf_weight=48 30 326 109 50 293 44
leaf_count=48 30 326 109 50 293 44
internal_value=-5.96046e-10 -0.000258621 -5.78412e-05 0.00055851 -0.000634329 -0.00195652
internal_weight=900 870 778 376 402 92
internal_count=900 870 778 376 402 92
is_linear=0
shrinkage=0.05


Tree=53
num_leaves=7
num_cat=0
split_feature=0 1 0 1 1 0
split_gain=0.698276 0.118635 0.110575 0.563269 0.118415 0.0118577
threshold=12.240465536140013 9.2267438929695498 10.107633006231907 10.355094948706308 10.735070391547579 8.6257340900164419
decision_type=2 2 2 2 2 2
left_child=1 5 3 -3 -4 -1
right_child=-2 2 4 -5 -6 -7
leaf_value=-0.044143704417748356 0.041837048876836036 -0.032155226961575106 -0.17203706689528941 0.05213365329466714 -0.00083905958676300642 -0.029705151038143109
leaf_weight=48 30 326 109 50 293 44
leaf_count=48 30 326 109 50 293 44
internal_value=-5.96046e-10 -0.000258621 -5.78412e-05 0.00055851 -0.000634329 -0.00195652
internal_weight=900 870 778 376 402 92
internal_count=900 870 778 376 402 92
is_linear=0
shrinkage=0.05


Tree=54
num_leaves=7
num_cat=0
split_feature=0 1 0 1 1 0
split_gain=0.698276 0.118635 0.110575 0.563269 0.118415 0.0118577
threshold=12.240465536140013 9.2267438929695498 10.107633006231907 10.355094948706308 10.735070391547579 8.6257340900164419
decision_type=2 2 2 2 2 2
left_child=1 5 3 -3 -4 -1
right_child=-2 2 4 -5 -6 -7
leaf_value=-0.041936519196860901 0.039745196432994234 -0.030547465613496388 -0.16343521355052495 0.049526970629933754 -0.00079710660742485077 -0.028219893486235926
leaf_weight=48 30 326 109 50 293 44
leaf_count=48 30 326 109 50 293 44
internal_value=-5.96046e-10 -0.000258621 -5.78412e-05 0.00055851 -0.000634329 -0.00195652
internal_weight=900 870 778 376 402 92
internal_count=900 870 778 376 402 92
is_linear=0
shrinkage=0.05


Tree=55
num_leaves=7
num_cat=0
split_feature=0 1 0 1 1 0
split_gain=0.708659 0.11074 0.0872954 0.38295 0.118415 0.0118577
threshold=12.240465536140013 9.2267438929695498 10.107633006231907 10.355094948706308 10.735070391547579 8.6257340900164419
decision_type=2 2 2 2 2 2
left_child=1 5 3 -3 -4 -1
right_child=-2 2 4 -5 -6 -7
leaf_value=-0.039839693237017838 0.037757936611344439 -0.029020092332821653 -0.15526345287299873 0.047050622098437057 -0.00075725127705357628 -0.026808898811924123
leaf_weight=48 30 326 109 50 293 44
leaf_count=48 30 326 109 50 293 44
internal_value=-5.55562e-05 -0.000316093 -0.000122109 0.000425531 -0.000634329 -0.00195652
internal_weight=900 870 778 376 402 92
internal_count=900 870 778 376 402 92
is_linear=0
shrinkage=0.05


Tree=56
num_leaves=7
num_cat=0
split_feature=0 1 0 1 1 0
split_gain=0.708659 0.11074 0.0872954 0.38295 0.118415 0.0118577
threshold=12.240465536140013 9.2267438929695498 10.107633006231907 10.355094948706308 10.735070391547579 8.6257340900164419
decision_type=2 2 2 2 2 2
left_child=1 5 3 -3 -4 -1
right_child=-2 2 4 -5 -6 -7
leaf_value=-0.037847708575166908 0.035870039780777317 -0.027569087716180579 -0.14750028022934877 0.044698090993515287 -0.0007193887132008565 -0.025468453871327946
leaf_weight=48 30 326 109 50 293 44
leaf_count=48 30 326 109 50 293 44
internal_value=-5.55562e-05 -0.000316093 -0.000122109 0.000425531 -0.000634329 -0.00195652
internal_weight=900 870 778 376 402 92
internal_count=900 870 778 376 402 92
is_linear=0
shrinkage=0.05


Tree=57
num_leaves=7
num_cat=0
split_feature=0 1 0 1 1 0
split_gain=0.708659 0.11074 0.0872954 0.38295 0.118415 0.0118577
threshold=12.240465536140013 9.2267438929695498 10.107633006231907 10.355094948706308 10.735070391547579 8.6257340900164419
decision_type=2 2 2 2 2 2
left_child=1 5 3 -3 -4 -1
right_child=-2 2 4 -5 -6 -7
leaf_value=-0.035955323146408529 0.034076537791738561 -0.026190633330371544 -0.14012526621788135 0.042463186443839611 -0.00068341927754083504 -0.02419503117776154
leaf_weight=48 30 326 109 50 293 44
leaf_count=48 30 326 109 50 293 44
internal_value=-5.55562e-05 -0.000316093 -0.000122109 0.000425531 -0.000634329 -0.00195652
internal_weight=900 870 778 376 402 92
internal_count=900 870 778 376 402 92
is_linear=0
shrinkage=0.05


Tree=58
num_leaves=7
num_cat=0
split_feature=0 1 0 1 1 0
split_gain=0.438659 0.11074 0.0872954 0.38295 0.118415 0.0118577
threshold=12.240465536140013 9.2267438929695498 10.107633006231907 10.355094948706308 10.735070391547579 8.6257340900164419
decision_type=2 2 2 2 2 2
left_child=1 5 3 -3 -4 -1
right_child=-2 2 4 -5 -6 -7
leaf_value=-0.034157556989088088 0.032372710902151526 -0.024881101663852909 -0.1331190029069873 0.04034002712164763 -0.00064924831366386783 -0.022985279618873467
leaf_weight=48 30 326 109 50 293 44
leaf_count=48 30 326 109 50 293 44
internal_value=-0.000111112 -0.000316093 -0.000122109 0.000425531 -0.000634329 -0.00195652
internal_weight=900 870 778 376 402 92
internal_count=900 870 778 376 402 92
is_linear=0
shrinkage=0.05


Tree=59
num_leaves=7
num_cat=0
split_feature=0 1 0 1 1 0
split_gain=0.438659 0.11074 0.0872954 0.38295 0.118415 0.0118577
threshold=12.240465536140013 9.2267438929695498 10.107633006231907 10.355094948706308 10.735070391547579 8.6257340900164419
decision_type=2 2 2 2 2 2
left_child=1 5 3 -3 -4 -1
right_child=-2 2 4 -5 -6 -7
leaf_value=-0.032449679139633682 0.030754075357043931 -0.023637046580660348 -0.12646305276163794 0.038323025765565247 -0.00061678589798066911 -0.021836015637929765
leaf_weight=48 30 326 109 50 293 44
leaf_count=48 30 326 109 50 293 44
internal_value=-0.000111112 -0.000316093 -0.000122109 0.000425531 -0.000634329 -0.00195652
internal_weight=900 870 778 376 402 92
internal_count=900 870 778 376 402 92
is_linear=0
shrinkage=0.05


Tree=60
num_leaves=7
num_cat=0
split_feature=0 1 0 1 1 0
split_gain=0.438659 0.11074 0.0872954 0.38295 0.118415 0.0118577
threshold=12.240465536140013 9.2267438929695498 10.107633006231907 10.355094948706308 10.735070391547579 8.6257340900164419
decision_type=2 2 2 2 2 2
left_child=1 5 3 -3 -4 -1
right_child=-2 2 4 -5 -6 -7
leaf_value=-0.030827195182652024 0.029216371589191683 -0.022455194251627342 -0.12013990012355605 0.036406874477287042 -0.00058594660308155925 -0.020744214856033241
leaf_weight=48 30 326 109 50 293 44
leaf_count=48 30 326 109 50 293 44
internal_value=-0.000111112 -0.000316093 -0.000122109 0.000425531 -0.000634329 -0.00195652
internal_weight=900 870 778 376 402 92
internal_count=900 870 778 376 402 92
is_linear=0
shrinkage=0.05


Tree=61
num_leaves=7
num_cat=0
split_feature=0 1 0 1 1 0
split_gain=0.438659 0.11074 0.0872954 0.38295 0.118415 0.0118577
threshold=12.240465536140013 9.2267438929695498 10.107633006231907 10.355094948706308 10.735070391547579 8.6257340900164419
decision_type=2 2 2 2 2 2
left_child=1 5 3 -3 -4 -1
right_child=-2 2 4 -5 -6 -7
leaf_value=-0.029285835423519393 0.027755553009732026 -0.021332434539045986 -0.11413290511737824 0.034586530753422717 -0.00055664927292749364 -0.019707004113231542
leaf_weight=48 30 326 109 50 293 44
leaf_count=48 30 326 109 50 293 44
internal_value=-0.000111112 -0.000316093 -0.000122109 0.000425531 -0.000634329 -0.00195652
internal_weight=900 870 778 376 402 92
internal_count=900 870 778 376 402 92
is_linear=0
shrinkage=0.05


Tree=62
num_leaves=7
num_cat=0
split_feature=0 1 0 1 1 0
split_gain=0.438659 0.11074 0.0872954 0.38295 0.118415 0.0118577
threshold=12.240465536140013 9.2267438929695498 10.107633006231907 10.355094948706308 10.735070391547579 8.6257340900164419
decision_type=2 2 2 2 2 2
left_child=1 5 3 -3 -4 -1
right_child=-2 2 4 -5 -6 -7
leaf_value=-0.027821543652343461 0.026367775359245373 -0.020265812812093609 -0.10842625986150933 0.032857204215751591 -0.00052881680928116691 -0.018721653907569993
leaf_weight=48 30 326 109 50 293 44
leaf_count=48 30 326 109 50 293 44
internal_value=-0.000111112 -0.000316093 -0.000122109 0.000425531 -0.000634329 -0.00195652
internal_weight=900 870 778 376 402 92
internal_count=900 870 778 376 402 92
is_linear=0
shrinkage=0.05


Tree=63
num_leaves=7
num_cat=0
split_feature=0 1 0 1 1 0
split_gain=0.438659 0.11074 0.0872954 0.38295 0.118415 0.0118577
threshold=12.240465536140013 9.2267438929695498 10.107633006231907 10.355094948706308 10.735070391547579 8.6257340900164419
decision_type=2 2 2 2 2 2
left_child=1 5 3 -3 -4 -1
right_child=-2 2 4 -5 -6 -7
leaf_value=-0.026430466469726268 0.025049386591282998 -0.019252522171488849 -0.10300494686843385 0.031214344004964003 -0.00050237596881704102 -0.017785571212191532
leaf_weight=48 30 326 109 50 293 44
leaf_count=48 30 326 109 50 293 44
internal_value=-0.000111112 -0.000316093 -0.000122109 0.000425531 -0.000634329 -0.00195652
internal_weight=900 870 778 376 402 92
internal_count=900 870 778 376 402 92
is_linear=0
shrinkage=0.05


Tree=64
num_leaves=7
num_cat=0
split_feature=0 1 0 0 1 0
split_gain=0.446897 0.103116 0.0738394 0.0930948 0.087852 0.0118577
threshold=12.240465536140013 9.2267438929695498 9.7548832197563797 9.5561055827610843 10.26304710771605 8.6257340900164419
decision_type=2 2 2 2 2 2
left_child=1 5 3 -3 -4 -1
right_child=-2 2 4 -5 -6 -7
leaf_value=-0.025108943146239949 0.023796917261718776 -0.012942713491008714 -0.18788410287676918 0.087462042195849105 -0.00094487335230991404 -0.016896292651581924
leaf_weight=48 30 164 89 64 461 44
leaf_count=48 30 164 89 64 461 44
internal_value=-0.000166667 -0.000373564 -0.000186376 0.000570175 -0.000500001 -0.00195652
internal_weight=900 870 778 228 550 92
internal_count=900 870 778 228 550 92
is_linear=0
shrinkage=0.05


Tree=65
num_leaves=6
num_cat=0
split_feature=0 1 0 0 0
split_gain=0.455211 0.0957645 0.0726738 0.0377444 0.0118577
threshold=12.240465536140013 9.2267438929695498 9.0590106074420511 10.754371307511422 8.6257340900164419
decision_type=2 2 2 2 2
left_child=1 4 -3 -4 -1
right_child=-2 2 3 -5 -6
leaf_value=-0.023853495988927966 0.022607071398632786 0.067848209903073678 -0.0009859354919093614 -0.048805915615839093 -0.016051478019002818
leaf_weight=48 30 33 577 168 44
leaf_count=48 30 33 577 168 44
internal_value=-0.000222223 -0.000431035 -0.000250643 -0.00035235 -0.00195652
internal_weight=900 870 778 745 92
internal_count=900 870 778 745 92
is_linear=0
shrinkage=0.05


Tree=66
num_leaves=6
num_cat=0
split_feature=0 1 1 1 0
split_gain=0.446897 0.103116 0.0737875 0.113503 0.0118577
threshold=12.240465536140013 9.2267438929695498 13.48018396462353 11.689345843290051 8.6257340900164419
decision_type=2 2 2 2 2
left_child=1 4 3 -3 -1
right_child=-2 2 -4 -5 -6
leaf_value=-0.022660821189481609 0.021476717828701197 -0.011459152269783019 -0.073735130028544038 0.026264122429170811 -0.015248904118052665
leaf_weight=48 30 676 33 69 44
leaf_count=48 30 676 33 69 44
internal_value=-0.000166667 -0.000373564 -0.000186376 -8.38932e-05 -0.00195652
internal_weight=900 870 778 745 92
internal_count=900 870 778 745 92
is_linear=0
shrinkage=0.05


Tree=67
num_leaves=6
num_cat=0
split_feature=0 1 1 1 0
split_gain=0.438659 0.11074 0.0779438 0.105753 0.0118577
threshold=12.240465536140013 9.2267438929695498 13.48018396462353 11.689345843290051 8.6257340900164419
decision_type=2 2 2 2 2
left_child=1 4 3 -3 -1
right_child=-2 2 -4 -5 -6
leaf_value=-0.021527780130007557 0.02040288193726596 -0.010886194656293875 -0.070048373527116861 0.024950916307712217 -0.014486458912150014
leaf_weight=48 30 676 33 69 44
leaf_count=48 30 676 33 69 44
internal_value=-0.000111112 -0.000316093 -0.000122109 -1.67791e-05 -0.00195652
internal_weight=900 870 778 745 92
internal_count=900 870 778 745 92
is_linear=0
shrinkage=0.05


Tree=68
num_leaves=6
num_cat=0
split_feature=0 1 1 0 0
split_gain=0.430498 0.118635 0.0822139 0.0885385 0.0118577
threshold=12.240465536140013 9.2267438929695498 13.48018396462353 10.754371307511422 8.6257340900164419
decision_type=2 2 2 2 2
left_child=1 4 3 -3 -1
right_child=-2 2 -4 -5 -6
leaf_value=-0.020451391123507179 0.019382737840402699 0.0080182105005786684 -0.066545954850761022 -0.047100752592733386 -0.013762135966542478
leaf_weight=48 30 581 33 164 44
leaf_count=48 30 581 33 164 44
internal_value=-5.55562e-05 -0.000258621 -5.78412e-05 5.0335e-05 -0.00195652
internal_weight=900 870 778 745 92
internal_count=900 870 778 745 92
is_linear=0
shrinkage=0.05


Tree=69
num_leaves=5
num_cat=0
split_feature=0 0 0 1
split_gain=0.227165 0.0955513 0.156401 0.051186
threshold=12.240465536140013 8.6783877781990579 9.1440845701414304 10.93013112017187
decision_type=2 2 2 2
left_child=1 -1 -3 -4
right_child=-2 2 3 -5
leaf_value=0.050976289203465586 0.01841360094838258 -0.034444274149553603 -0.022831235013783768 0.0025475056402219868
leaf_weight=60 30 80 491 239
leaf_count=60 30 80 491 239
internal_value=-0.000111112 -0.000258621 -0.000401235 -0.000171233
internal_weight=900 870 810 730
internal_count=900 870 810 730
is_linear=0
shrinkage=0.05


Tree=70
num_leaves=6
num_cat=0
split_feature=0 1 1 1 0
split_gain=0.215517 0.135241 0.0910957 0.106841 0.0118577
threshold=12.240465536140013 9.2267438929695498 13.48018396462353 10.904773906244204 8.6257340900164419
decision_type=2 2 2 2 2
left_child=1 4 3 -3 -1
right_child=-2 2 -4 -5 -6
leaf_value=-0.021977636027505111 0.017492920900963327 -0.017369715656646047 -0.063346032390233994 0.007208303831668806 -0.012953650358006314
leaf_weight=48 30 523 33 222 44
leaf_count=48 30 523 33 222 44
internal_value=-5.96046e-10 -0.000143679 7.06935e-05 0.000184563 -0.00195652
internal_weight=900 870 778 745 92
internal_count=900 870 778 745 92
is_linear=0
shrinkage=0.05


Tree=71
num_leaves=6
num_cat=0
split_feature=0 1 1 1 0
split_gain=0.221303 0.126802 0.0865979 0.0910751 0.0118577
threshold=12.240465536140013 9.2267438929695498 13.48018396462353 11.689345843290051 8.6257340900164419
decision_type=2 2 2 2 2
left_child=1 4 3 -3 -1
right_child=-2 2 -4 -5 -6
leaf_value=-0.020878754226129816 0.016618274855915161 -0.010954446247088922 -0.060178730770722312 0.02557061764836871 -0.012305967840105965
leaf_weight=48 30 676 33 69 44
leaf_count=48 30 676 33 69 44
internal_value=-5.55562e-05 -0.00020115 6.42614e-06 0.000117449 -0.00195652
internal_weight=900 870 778 745 92
internal_count=900 870 778 745 92
is_linear=0
shrinkage=0.05


Tree=72
num_leaves=6
num_cat=0
split_feature=0 1 1 1 0
split_gain=0.215517 0.135241 0.0910957 0.106841 0.0118577
threshold=12.240465536140013 9.2267438929695498 13.48018396462353 10.904773906244204 8.6257340900164419
decision_type=2 2 2 2 2
left_child=1 4 3 -3 -1
right_child=-2 2 -4 -5 -6
leaf_value=-0.019834816514823307 0.015787361113119402 -0.015953507561459412 -0.057169794232186183 0.0073532465618908116 -0.011690669448100651
leaf_weight=48 30 523 33 222 44
leaf_count=48 30 523 33 222 44
internal_value=-5.96046e-10 -0.000143679 7.06935e-05 0.000184563 -0.00195652
internal_weight=900 870 778 745 92
internal_count=900 870 778 745 92
is_linear=0
shrinkage=0.05


Tree=73
num_leaves=5
num_cat=0
split_feature=0 0 0 0
split_gain=0.215517 0.180162 0.165737 0.0721508
threshold=12.240465536140013 8.6783877781990579 9.1440845701414304 10.754371307511422
decision_type=2 2 2 2
left_child=1 -1 -3 -4
right_child=-2 2 3 -5
leaf_value=0.050641358216551927 0.014997993057463433 -0.030874546059765251 0.00080080604150789482 -0.048433872699138757
leaf_weight=60 30 80 562 168
leaf_count=60 30 80 562 168
internal_value=-5.96046e-10 -0.000143679 -0.000339507 -0.00010274
internal_weight=900 870 810 730
internal_count=900 870 810 730
is_linear=0
shrinkage=0.05


Tree=74
num_leaves=6
num_cat=0
split_feature=0 1 1 1 0
split_gain=0.221303 0.126802 0.0865979 0.0910751 0.0118577
threshold=12.240465536140013 9.2267438929695498 13.48018396462353 11.689345843290051 8.6257340900164419
decision_type=2 2 2 2 2
left_child=1 4 3 -3 -1
right_child=-2 2 -4 -5 -6
leaf_value=-0.021375143599909753 0.01424809340459028 -0.0099404139082409394 -0.054351344822652248 0.026346118072812608 -0.013026832515198462
leaf_weight=48 30 676 33 69 44
leaf_count=48 30 676 33 69 44
internal_value=-5.55562e-05 -0.00020115 6.42614e-06 0.000117449 -0.00195652
internal_weight=900 870 778 745 92
internal_count=900 870 778 745 92
is_linear=0
shrinkage=0.05


Tree=75
num_leaves=9
num_cat=0
split_feature=1 1 1 0 0 0 1 0
split_gain=0.148125 0.0796388 0.361762 0.134965 0.101275 0.0959658 0.0564236 0.0118577
threshold=9.2267438929695498 10.904773906244204 11.075166936017217 9.7548832197563797 9.5561055827610843 11.291121536759833 10.26304710771605 8.6257340900164419
decision_type=2 2 2 2 2 2 2 2
left_child=7 3 -3 4 -2 -4 -5 -1
right_child=1 2 5 6 -6 -7 -8 -9
leaf_value=-0.020306386419914269 0.0018056172015193162 0.040206912510139116 -0.051508441331497415 -0.17391181851977519 0.097982284844448667 0.013257134160709328 -0.070285971658043955 -0.012375490889438557
leaf_weight=48 155 48 126 89 60 111 219 44
leaf_count=48 155 48 126 89 60 111 219 44
internal_value=-5.55562e-05 0.00016089 0.000833333 -0.000205546 0.000755813 3.1645e-05 -0.000876624 -0.00195652
internal_weight=900 808 285 523 215 237 308 92
internal_count=900 808 285 523 215 237 308 92
is_linear=0
shrinkage=0.05


Tree=76
num_leaves=5
num_cat=0
split_feature=1 0 0 1
split_gain=0.0960073 0.39028 0.132448 0.0907683
threshold=8.8486496582154164 8.7990376390965999 9.1440845701414304 11.689345843290051
decision_type=2 2 2 2
left_child=-1 -2 -3 -4
right_child=1 2 3 -5
leaf_value=-0.032571117799633245 0.11803749139954106 -0.028123351204827608 -0.013683551424244695 0.009441749345757226
leaf_weight=44 32 64 635 125
leaf_count=44 32 64 635 125
internal_value=-0.000222223 -0.000105141 -0.000315535 -0.00013158
internal_weight=900 856 824 760
internal_count=900 856 824 760
is_linear=0
shrinkage=0.05


Tree=77
num_leaves=6
num_cat=0
split_feature=1 0 1 1 0
split_gain=0.115518 0.083384 0.0737875 0.113503 0.0118577
threshold=9.2267438929695498 12.240465536140013 13.48018396462353 11.689345843290051 8.6257340900164419
decision_type=2 2 2 2 2
left_child=4 2 3 -2 -1
right_child=1 -3 -4 -5 -6
leaf_value=-0.021481251879953065 -0.0093294972430054413 0.012400744559037592 -0.049784688427400969 0.0238938679938486 -0.016562380849308937
leaf_weight=48 676 30 33 69 44
leaf_count=48 676 30 33 69 44
internal_value=-0.000277778 -8.66343e-05 -0.000186376 -8.38932e-05 -0.00195652
internal_weight=900 808 778 745 92
internal_count=900 808 778 745 92
is_linear=0
shrinkage=0.05


Tree=78
num_leaves=6
num_cat=0
split_feature=1 0 1 1 0
split_gain=0.12329 0.0794421 0.0779438 0.105753 0.0118577
threshold=9.2267438929695498 12.240465536140013 13.48018396462353 11.689345843290051 8.6257340900164419
decision_type=2 2 2 2 2
left_child=4 2 3 -2 -1
right_child=1 -3 -4 -5 -6
leaf_value=-0.020407189285955418 -0.0088630223808551841 0.011780707331085695 -0.047295454006030913 0.022699174594156171 -0.015734261806843532
leaf_weight=48 676 30 33 69 44
leaf_count=48 676 30 33 69 44
internal_value=-0.000222223 -2.47531e-05 -0.000122109 -1.67791e-05 -0.00195652
internal_weight=900 808 778 745 92
internal_count=900 808 778 745 92
is_linear=0
shrinkage=0.05


Tree=79
num_leaves=6
num_cat=0
split_feature=1 0 1 1 0
split_gain=0.139593 0.0718445 0.0865979 0.0910751 0.0118577
threshold=9.2267438929695498 12.240465536140013 13.48018396462353 11.689345843290051 8.6257340900164419
decision_type=2 2 2 2 2
left_child=4 2 3 -2 -1
right_child=1 -3 -4 -5 -6
leaf_value=-0.019386829821657601 -0.0084198712618124682 0.011191671964531481 -0.044930681305729359 0.021564215864448403 -0.014947548716501384
leaf_weight=48 676 30 33 69 44
leaf_count=48 676 30 33 69 44
internal_value=-0.000111112 9.90093e-05 6.42614e-06 0.000117449 -0.00195652
internal_weight=900 808 778 745 92
internal_count=900 808 778 745 92
is_linear=0
shrinkage=0.05


Tree=80
num_leaves=7
num_cat=0
split_feature=1 0 0 1 1 0
split_gain=0.139593 0.0718445 0.0888786 0.355682 0.193656 0.0118577
threshold=9.2267438929695498 12.240465536140013 10.754371307511422 10.904773906244204 11.689345843290051 8.6257340900164419
decision_type=2 2 2 2 2 2
left_child=5 2 3 -2 -4 -1
right_child=1 -3 4 -5 -6 -7
leaf_value=-0.018417488330574727 -0.018796185972203391 0.010632088366304871 -0.19487156775889525 0.04408229857922006 0.015021874244014547 -0.014200171280676336
leaf_weight=48 523 30 95 87 73 44
leaf_count=48 523 30 95 87 73 44
internal_value=-0.000111112 9.90093e-05 6.42614e-06 0.000286885 -0.00101191 -0.00195652
internal_weight=900 808 778 610 168 92
internal_count=900 808 778 610 168 92
is_linear=0
shrinkage=0.05


Tree=81
num_leaves=7
num_cat=0
split_feature=1 0 0 0 1 0
split_gain=0.115518 0.083384 0.0738394 0.0930948 0.087852 0.0118577
threshold=9.2267438929695498 12.240465536140013 9.7548832197563797 9.5561055827610843 10.26304710771605 8.6257340900164419
decision_type=2 2 2 2 2 2
left_child=5 2 3 -2 -4 -1
right_child=1 -3 4 -5 -6 -7
leaf_value=-0.017496613914045955 -0.010037116774326255 0.010100483947989503 -0.1622616211796804 0.08572251147109565 -0.001481925979002433 -0.013490162716642554
leaf_weight=48 164 30 89 64 461 44
leaf_count=48 164 30 89 64 461 44
internal_value=-0.000277778 -8.66343e-05 -0.000186376 0.000570175 -0.000500001 -0.00195652
internal_weight=900 808 778 228 550 92
internal_count=900 808 778 228 550 92
is_linear=0
shrinkage=0.05


Tree=82
num_leaves=6
num_cat=0
split_feature=1 0 0 0 0
split_gain=0.107998 0.0874214 0.0726738 0.0377444 0.0118577
threshold=9.2267438929695498 12.240465536140013 9.0590106074420511 10.754371307511422 8.6257340900164419
decision_type=2 2 2 2 2
left_child=4 2 -2 -4 -1
right_child=1 -3 3 -5 -6
leaf_value=-0.016621783218343643 0.059582307278422647 0.0095954597505901532 -0.0016899159003745748 -0.043845940588231588 -0.012815654580810413
leaf_weight=48 33 30 577 168 44
leaf_count=48 33 30 577 168 44
internal_value=-0.000333334 -0.000148515 -0.000250643 -0.00035235 -0.00195652
internal_weight=900 808 778 745 92
internal_count=900 808 778 745 92
is_linear=0
shrinkage=0.05


Tree=83
num_leaves=5
num_cat=0
split_feature=1 0 0 1
split_gain=0.0960073 0.39028 0.132448 0.0907683
threshold=8.8486496582154164 8.7990376390965999 9.1440845701414304 11.689345843290051
decision_type=2 2 2 2
left_child=-1 -2 -3 -4
right_child=1 2 3 -5
leaf_value=-0.025252004087124913 0.11192878614725298 -0.02232967464704716 -0.010142593376403714 0.005963105038774192
leaf_weight=44 32 64 635 125
leaf_count=44 32 64 635 125
internal_value=-0.000222223 -0.000105141 -0.000315535 -0.00013158
internal_weight=900 856 824 760
internal_count=900 856 824 760
is_linear=0
shrinkage=0.05


Tree=84
num_leaves=6
num_cat=0
split_feature=1 0 1 1 0
split_gain=0.115518 0.083384 0.0737875 0.113503 0.0118577
threshold=9.2267438929695498 12.240465536140013 13.48018396462353 11.689345843290051 8.6257340900164419
decision_type=2 2 2 2 2
left_child=4 2 3 -2 -1
right_child=1 -3 -4 -5 -6
leaf_value=-0.0153973312107639 -0.0070835048192936095 0.0088175315111218566 -0.043821108660135763 0.021703149435448391 -0.012339847315459507
leaf_weight=48 676 30 33 69 44
leaf_count=48 676 30 33 69 44
internal_value=-0.000277778 -8.66343e-05 -0.000186376 -8.38932e-05 -0.00195652
internal_weight=900 808 778 745 92
internal_count=900 808 778 745 92
is_linear=0
shrinkage=0.05


Tree=85
num_leaves=6
num_cat=0
split_feature=1 0 1 1 0
split_gain=0.115518 0.083384 0.0737875 0.0834796 0.0118577
threshold=9.2267438929695498 12.240465536140013 13.48018396462353 11.991073162308634 8.6257340900164419
decision_type=2 2 2 2 2
left_child=4 2 3 -2 -1
right_child=1 -3 -4 -5 -6
leaf_value=-0.014627464650225708 -0.0014447336052969542 0.008376654935565853 -0.041630053227128948 0.036296911353409199 -0.011722854949686534
leaf_weight=48 715 30 33 30 44
leaf_count=48 715 30 33 30 44
internal_value=-0.000277778 -8.66343e-05 -0.000186376 -8.38932e-05 -0.00195652
internal_weight=900 808 778 745 92
internal_count=900 808 778 745 92
is_linear=0
shrinkage=0.05


Tree=86
num_leaves=6
num_cat=0
split_feature=1 0 1 1 0
split_gain=0.115518 0.083384 0.0737875 0.0834796 0.0118577
threshold=9.2267438929695498 12.240465536140013 13.48018396462353 11.991073162308634 8.6257340900164419
decision_type=2 2 2 2 2
left_child=4 2 3 -2 -1
right_child=1 -3 -4 -5 -6
leaf_value=-0.013896091417714463 -0.0013724969250321177 0.0079578221887874889 -0.0395485505657725 0.034482065785738668 -0.011136712202202192
leaf_weight=48 715 30 33 30 44
leaf_count=48 715 30 33 30 44
internal_value=-0.000277778 -8.66343e-05 -0.000186376 -8.38932e-05 -0.00195652
internal_weight=900 808 778 745 92
internal_count=900 808 778 745 92
is_linear=0
shrinkage=0.05


Tree=87
num_leaves=6
num_cat=0
split_feature=1 0 1 1 0
split_gain=0.115518 0.083384 0.0737875 0.0834796 0.0118577
threshold=9.2267438929695498 12.240465536140013 13.48018396462353 11.991073162308634 8.6257340900164419
decision_type=2 2 2 2 2
left_child=4 2 3 -2 -1
right_child=1 -3 -4 -5 -6
leaf_value=-0.013201286846828709 -0.0013038720787804873 0.007559931079348204 -0.037571123037483875 0.032757962496451749 -0.010579876592092106
leaf_weight=48 715 30 33 30 44
leaf_count=48 715 30 33 30 44
internal_value=-0.000277778 -8.66343e-05 -0.000186376 -8.38932e-05 -0.00195652
internal_weight=900 808 778 745 92
internal_count=900 808 778 745 92
is_linear=0
shrinkage=0.05


Tree=88
num_leaves=6
num_cat=0
split_feature=1 0 1 1 0
split_gain=0.115518 0.083384 0.0737875 0.0834796 0.0118577
threshold=9.2267438929695498 12.240465536140013 13.48018396462353 11.991073162308634 8.6257340900164419
decision_type=2 2 2 2 2
left_child=4 2 3 -2 -1
right_child=1 -3 -4 -5 -6
leaf_value=-0.012541222504487238 -0.0012386784748415361 0.0071819345253807398 -0.035692566885609671 0.031120064371629216 -0.010050882762487544
leaf_weight=48 715 30 33 30 44
leaf_count=48 715 30 33 30 44
internal_value=-0.000277778 -8.66343e-05 -0.000186376 -8.38932e-05 -0.00195652
internal_weight=900 808 778 745 92
internal_count=900 808 778 745 92
is_linear=0
shrinkage=0.05


Tree=89
num_leaves=6
num_cat=0
split_feature=1 0 1 1 0
split_gain=0.12329 0.0794421 0.0779438 0.105753 0.0118577
threshold=9.2267438929695498 12.240465536140013 13.48018396462353 11.689345843290051 8.6257340900164419
decision_type=2 2 2 2 2
left_child=4 2 3 -2 -1
right_child=1 -3 -4 -5 -6
leaf_value=-0.011914161379262912 -0.0064613405241315232 0.0068228377991118808 -0.033907938541329195 0.016685483140180604 -0.0095483386243632052
leaf_weight=48 676 30 33 69 44
leaf_count=48 676 30 33 69 44
internal_value=-0.000222223 -2.47531e-05 -0.000122109 -1.67791e-05 -0.00195652
internal_weight=900 808 778 745 92
internal_count=900 808 778 745 92
is_linear=0
shrinkage=0.05


Tree=90
num_leaves=6
num_cat=0
split_feature=1 0 1 1 0
split_gain=0.12329 0.0794421 0.0779438 0.0791993 0.0118577
threshold=9.2267438929695498 12.240465536140013 13.48018396462353 11.991073162308634 8.6257340900164419
decision_type=2 2 2 2 2
left_child=4 2 3 -2 -1
right_child=1 -3 -4 -5 -6
leaf_value=-0.011318453310299771 -0.001021863891649874 0.0064816959091562156 -0.032212541614262728 0.02872978699603887 -0.0090709216931450613
leaf_weight=48 715 30 33 30 44
leaf_count=48 715 30 33 30 44
internal_value=-0.000222223 -2.47531e-05 -0.000122109 -1.67791e-05 -0.00195652
internal_weight=900 808 778 745 92
internal_count=900 808 778 745 92
is_linear=0
shrinkage=0.05


Tree=91
num_leaves=6
num_cat=0
split_feature=1 0 1 1 0
split_gain=0.12329 0.0794421 0.0779438 0.0791993 0.0118577
threshold=9.2267438929695498 12.240465536140013 13.48018396462353 11.991073162308634 8.6257340900164419
decision_type=2 2 2 2 2
left_child=4 2 3 -2 -1
right_child=1 -3 -4 -5 -6
leaf_value=-0.010752530644784743 -0.00097077069706731081 0.0061576111136982803 -0.030601914533549619 0.027293297646236954 -0.0086173756084878417
leaf_weight=48 715 30 33 30 44
leaf_count=48 715 30 33 30 44
internal_value=-0.000222223 -2.47531e-05 -0.000122109 -1.67791e-05 -0.00195652
internal_weight=900 808 778 745 92
internal_count=900 808 778 745 92
is_linear=0
shrinkage=0.05


Tree=92
num_leaves=6
num_cat=0
split_feature=1 0 1 1 0
split_gain=0.12329 0.0794421 0.0779438 0.0791993 0.0118577
threshold=9.2267438929695498 12.240465536140013 13.48018396462353 11.991073162308634 8.6257340900164419
decision_type=2 2 2 2 2
left_child=4 2 3 -2 -1
right_child=1 -3 -4 -5 -6
leaf_value=-0.010214904112545487 -0.00092223216221401787 0.005849730558013278 -0.029071818806872114 0.025928632763925027 -0.0081865068280634664
leaf_weight=48 715 30 33 30 44
leaf_count=48 715 30 33 30 44
internal_value=-0.000222223 -2.47531e-05 -0.000122109 -1.67791e-05 -0.00195652
internal_weight=900 808 778 745 92
internal_count=900 808 778 745 92
is_linear=0
shrinkage=0.05


Tree=93
num_leaves=5
num_cat=0
split_feature=1 0 0 0
split_gain=0.100748 0.38191 0.139908 0.0822459
threshold=8.8486496582154164 8.7990376390965999 9.1440845701414304 12.240465536140013
decision_type=2 2 2 2
left_child=-1 -2 -3 -4
right_child=1 2 3 -5
leaf_value=-0.01829623157892293 0.10742332149880562 -0.016650525085895575 -0.0039867302567030164 0.0055572440301126852
leaf_weight=44 32 64 730 30
leaf_count=44 32 64 730 30
internal_value=-0.000166667 -4.67296e-05 -0.000254855 -6.57901e-05
internal_weight=900 856 824 760
internal_count=900 856 824 760
is_linear=0
shrinkage=0.05


Tree=94
num_leaves=6
num_cat=0
split_feature=1 0 1 0 0
split_gain=0.131315 0.0755956 0.0822139 0.0885385 0.0118577
threshold=9.2267438929695498 12.240465536140013 13.48018396462353 10.754371307511422 8.6257340900164419
decision_type=2 2 2 2 2
left_child=4 2 3 -2 -1
right_child=1 -3 -4 -5 -6
leaf_value=-0.0087893473279720535 0.0075229257436058147 0.005279381828606944 -0.027418891353693426 -0.061651504836229346 -0.010538321667661374
leaf_weight=48 581 30 33 164 44
leaf_count=48 581 30 33 164 44
internal_value=-0.000166667 3.71281e-05 -5.78412e-05 5.0335e-05 -0.00195652
internal_weight=900 808 778 745 92
internal_count=900 808 778 745 92
is_linear=0
shrinkage=0.05


Tree=95
num_leaves=6
num_cat=0
split_feature=1 0 1 1 0
split_gain=0.131315 0.0755956 0.0822139 0.098277 0.0118577
threshold=9.2267438929695498 12.240465536140013 13.48018396462353 11.689345843290051 8.6257340900164419
decision_type=2 2 2 2 2
left_child=4 2 3 -2 -1
right_child=1 -3 -4 -5 -6
leaf_value=-0.0083498799615734139 -0.006169339934723397 0.0050154127371765615 -0.026047946786008733 0.016732869990391842 -0.010011405584278285
leaf_weight=48 676 30 33 69 44
leaf_count=48 676 30 33 69 44
internal_value=-0.000166667 3.71281e-05 -5.78412e-05 5.0335e-05 -0.00195652
internal_weight=900 808 778 745 92
internal_count=900 808 778 745 92
is_linear=0
shrinkage=0.05


Tree=96
num_leaves=10
num_cat=0
split_feature=1 1 0 0 1 1 0 0 0
split_gain=0.148808 0.361762 0.0959658 0.169312 0.139008 0.0857565 0.0993134 0.0640509 0.0118577
threshold=10.904773906244204 11.075166936017217 11.291121536759833 10.876066283126571 12.103643068401107 9.2267438929695498 9.1660937671517413 10.107633006231907 8.6257340900164419
decision_type=2 2 2 2 2 2 2 2 2
left_child=5 -2 3 -3 -4 8 -7 -8 -1
right_child=1 2 4 -5 -6 6 7 -9 -10
leaf_value=-0.0079323859634947702 0.039895602715262303 0.015002276090826779 -0.18068843616428087 -0.14090476396885573 0.024486207878187245 0.062882709208307283 -0.0041893403398236273 -0.080858186975951901 -0.0095108353050643996
leaf_weight=48 48 54 55 72 56 45 311 167 44
leaf_count=48 48 54 55 72 56 45 311 167 44
internal_value=-0.000111112 0.000833333 3.1645e-05 -0.000912699 0.0011036 -0.000548781 -0.000301148 -0.000512553 -0.00195652
internal_weight=900 285 237 126 111 615 523 478 92
internal_count=900 285 237 126 111 615 523 478 92
is_linear=0
shrinkage=0.05


Tree=97
num_leaves=6
num_cat=0
split_feature=1 0 1 1 0
split_gain=0.115518 0.083384 0.0737875 0.113503 0.0118577
threshold=9.2267438929695498 12.240465536140013 13.48018396462353 11.689345843290051 8.6257340900164419
decision_type=2 2 2 2 2
left_child=4 2 3 -2 -1
right_child=1 -3 -4 -5 -6
leaf_value=-0.0075357666653200544 -0.0059774244525198699 0.00354033170640804 -0.025215866440361747 0.018775417293778268 -0.0090352935398111591
leaf_weight=48 676 30 33 69 44
leaf_count=48 676 30 33 69 44
internal_value=-0.000277778 -8.66343e-05 -0.000186376 -8.38932e-05 -0.00195652
internal_weight=900 808 778 745 92
internal_count=900 808 778 745 92
is_linear=0
shrinkage=0.05


Tree=98
num_leaves=6
num_cat=0
split_feature=1 0 1 1 0
split_gain=0.115518 0.083384 0.0737875 0.113503 0.0118577
threshold=9.2267438929695498 12.240465536140013 13.48018396462353 11.689345843290051 8.6257340900164419
decision_type=2 2 2 2 2
left_child=4 2 3 -2 -1
right_child=1 -3 -4 -5 -6
leaf_value=-0.0071589783320540334 -0.005678553229893829 0.0033633151210874959 -0.023955073118343634 0.017836646429089369 -0.0085835288628205633
leaf_weight=48 676 30 33 69 44
leaf_count=48 676 30 33 69 44
internal_value=-0.000277778 -8.66343e-05 -0.000186376 -8.38932e-05 -0.00195652
internal_weight=900 808 778 745 92
internal_count=900 808 778 745 92
is_linear=0
shrinkage=0.05


Tree=99
num_leaves=6
num_cat=0
split_feature=1 0 0 0 0
split_gain=0.107998 0.0874214 0.0726738 0.0377444 0.0118577
threshold=9.2267438929695498 12.240465536140013 9.0590106074420511 10.754371307511422 8.6257340900164419
decision_type=2 2 2 2 2
left_child=4 2 -2 -4 -1
right_child=1 -3 3 -5 -6
leaf_value=-0.0068010294154513323 0.044097545324375216 0.0031951493650332454 -0.00089186064205919353 -0.025770784657089447 -0.0081543524196795638
leaf_weight=48 33 30 577 168 44
leaf_count=48 33 30 577 168 44
internal_value=-0.000333334 -0.000148515 -0.000250643 -0.00035235 -0.00195652
internal_weight=900 808 778 745 92
internal_count=900 808 778 745 92
is_linear=0
shrinkage=0.05


Tree=100
num_leaves=7
num_cat=0
split_feature=1 0 1 0 0 0
split_gain=0.107998 0.0662437 0.053142 0.26776 0.0696272 0.0118577
threshold=9.2267438929695498 9.0590106074420511 11.025966832818666 10.876066283126571 10.107633006231907 8.6257340900164419
decision_type=2 2 2 2 2 2
left_child=5 -2 4 -4 -3 -1
right_child=1 2 3 -5 -6 -7
leaf_value=-0.0064609779446787923 0.04189266805815639 -0.00043763243836314816 0.045468806610367278 -0.013131029290085689 -0.067224396236211556 -0.0077466347986955468
leaf_weight=48 33 330 61 183 201 44
leaf_count=48 33 330 61 183 201 44
internal_value=-0.000333334 -0.000148515 -0.000241936 0.000368852 -0.000522599 -0.00195652
internal_weight=900 808 775 244 531 92
internal_count=900 808 775 244 531 92
is_linear=0
shrinkage=0.05


Tree=101
num_leaves=6
num_cat=0
split_feature=1 0 1 0 0
split_gain=0.131315 0.0755956 0.0822139 0.0885385 0.0118577
threshold=9.2267438929695498 12.240465536140013 13.48018396462353 10.754371307511422 8.6257340900164419
decision_type=2 2 2 2 2
left_child=4 2 3 -2 -1
right_child=1 -3 -4 -5 -6
leaf_value=-0.0061379290474448574 0.0038144568619263987 0.0036919433612858654 -0.023316593154763119 -0.059291757214474786 -0.0073593030587607317
leaf_weight=48 581 30 33 164 44
leaf_count=48 581 30 33 164 44
internal_value=-0.000166667 3.71281e-05 -5.78412e-05 5.0335e-05 -0.00195652
internal_weight=900 808 778 745 92
internal_count=900 808 778 745 92
is_linear=0
shrinkage=0.05


Tree=102
num_leaves=9
num_cat=0
split_feature=1 1 1 0 0 1 0 0
split_gain=0.131315 0.0808448 0.303447 0.104518 0.0959658 0.0527646 0.0459796 0.0118577
threshold=9.2267438929695498 10.92444436342767 11.075166936017217 9.7548832197563797 11.291121536759833 10.26304710771605 9.1660937671517413 8.6257340900164419
decision_type=2 2 2 2 2 2 2 2
left_child=7 3 -3 6 -4 -5 -2 -1
right_child=1 2 4 5 -6 -7 -8 -9
leaf_value=-0.0058310325950726499 0.055831139119789687 0.051036519238850581 -0.024587196257290354 -0.15166626506351433 0.012189053843611946 -0.046993225187710007 0.018580027947153965 -0.0069913379058226663
leaf_weight=48 45 42 126 89 111 225 170 44
leaf_count=48 45 42 126 89 111 225 170 44
internal_value=-0.000166667 3.71281e-05 0.000725806 -0.000326088 3.1645e-05 -0.000907644 0.000523255 -0.00195652
internal_weight=900 808 279 529 237 314 215 92
internal_count=900 808 279 529 237 314 215 92
is_linear=0
shrinkage=0.05


Tree=103
num_leaves=7
num_cat=0
split_feature=1 0 1 0 0 0
split_gain=0.12329 0.0589809 0.0757361 0.394987 0.101211 0.0118577
threshold=9.2267438929695498 9.0590106074420511 10.782746362383671 10.45529117663378 10.107633006231907 8.6257340900164419
decision_type=2 2 2 2 2 2
left_child=5 -2 4 -4 -3 -1
right_child=1 2 3 -5 -6 -7
leaf_value=-0.0055394809653190437 0.036815754856162682 -0.0034474232762719201 0.069286624798740301 -0.0052515315049611096 -0.074654240497622038 -0.00664177101053149
leaf_weight=48 33 328 39 280 128 44
leaf_count=48 33 328 39 280 128 44
internal_value=-0.000222223 -2.47531e-05 -0.000112904 0.000478056 -0.000526316 -0.00195652
internal_weight=900 808 775 319 456 92
internal_count=900 808 775 319 456 92
is_linear=0
shrinkage=0.05


Tree=104
num_leaves=6
num_cat=0
split_feature=1 0 1 1 0
split_gain=0.115518 0.083384 0.0737875 0.113503 0.0118577
threshold=9.2267438929695498 12.240465536140013 13.48018396462353 11.689345843290051 8.6257340900164419
decision_type=2 2 2 2 2
left_child=4 2 3 -2 -1
right_child=1 -3 -4 -5 -6
leaf_value=-0.005262506917053056 -0.0049822563896231332 0.0031604700762887464 -0.021609214369571569 0.021507616548784855 -0.0063096824600048914
leaf_weight=48 676 30 33 69 44
leaf_count=48 676 30 33 69 44
internal_value=-0.000277778 -8.66343e-05 -0.000186376 -8.38932e-05 -0.00195652
internal_weight=900 808 778 745 92
internal_count=900 808 778 745 92
is_linear=0
shrinkage=0.05


Tree=105
num_leaves=7
num_cat=0
split_feature=1 0 1 0 1 0
split_gain=0.107998 0.0662437 0.0482918 0.193264 0.13082 0.0118577
threshold=9.2267438929695498 9.0590106074420511 11.689345843290051 10.754371307511422 12.122840266530824 8.6257340900164419
decision_type=2 2 2 2 2 2
left_child=5 -2 3 -3 -4 -1
right_child=1 2 4 -5 -6 -7
leaf_value=-0.0049993815712004348 0.035224079932835689 -0.0014715461475661006 0.020723124525645932 -0.1673234807573426 -0.0076129964570044797 -0.0059941983370046491
leaf_weight=48 33 553 48 95 79 44
leaf_count=48 33 553 48 95 79 44
internal_value=-0.000333334 -0.000148515 -0.000241936 -0.000416667 0.000649606 -0.00195652
internal_weight=900 808 775 648 127 92
internal_count=900 808 775 648 127 92
is_linear=0
shrinkage=0.05


Tree=106
num_leaves=6
num_cat=0
split_feature=1 0 1 1 0
split_gain=0.115518 0.083384 0.0737875 0.113503 0.0118577
threshold=9.2267438929695498 12.240465536140013 13.48018396462353 11.689345843290051 8.6257340900164419
decision_type=2 2 2 2 2
left_child=4 2 3 -2 -1
right_child=1 -3 -4 -5 -6
leaf_value=-0.0047494124926403813 -0.0046595662627635847 0.0033830963953246141 -0.020148103828242836 0.019396079495063341 -0.0056944884201544053
leaf_weight=48 676 30 33 69 44
leaf_count=48 676 30 33 69 44
internal_value=-0.000277778 -8.66343e-05 -0.000186376 -8.38932e-05 -0.00195652
internal_weight=900 808 778 745 92
internal_count=900 808 778 745 92
is_linear=0
shrinkage=0.05


Tree=107
num_leaves=6
num_cat=0
split_feature=1 0 0 0 0
split_gain=0.107998 0.0874214 0.0726738 0.0377444 0.0118577
threshold=9.2267438929695498 12.240465536140013 9.0590106074420511 10.754371307511422 8.6257340900164419
decision_type=2 2 2 2 2
left_child=4 2 -2 -4 -1
right_child=1 -3 3 -5 -6
leaf_value=-0.0045119418680084067 0.033695854249332101 0.0032139415755583658 -0.00180716040885993 -0.021781206813784561 -0.0054097639991466957
leaf_weight=48 33 30 577 168 44
leaf_count=48 33 30 577 168 44
internal_value=-0.000333334 -0.000148515 -0.000250643 -0.00035235 -0.00195652
internal_weight=900 808 778 745 92
internal_count=900 808 778 745 92
is_linear=0
shrinkage=0.05


Tree=108
num_leaves=7
num_cat=0
split_feature=1 0 1 0 1 0
split_gain=0.107998 0.0662437 0.0482918 0.193264 0.13082 0.0118577
threshold=9.2267438929695498 9.0590106074420511 11.689345843290051 10.754371307511422 12.122840266530824 8.6257340900164419
decision_type=2 2 2 2 2 2
left_child=5 -2 3 -3 -4 -1
right_child=1 2 4 -5 -6 -7
leaf_value=-0.0042863447746079864 0.032011061536865566 -0.0010746325066066608 0.019806224665299733 -0.15763526806564807 -0.0053785105890487633 -0.005139275799189354
leaf_weight=48 33 553 48 95 79 44
leaf_count=48 33 553 48 95 79 44
internal_value=-0.000333334 -0.000148515 -0.000241936 -0.000416667 0.000649606 -0.00195652
internal_weight=900 808 775 648 127 92
internal_count=900 808 775 648 127 92
is_linear=0
shrinkage=0.05


Tree=109
num_leaves=6
num_cat=0
split_feature=1 0 0 0 0
split_gain=0.107998 0.0874214 0.0726738 0.0377444 0.0118577
threshold=9.2267438929695498 12.240465536140013 9.0590106074420511 10.754371307511422 8.6257340900164419
decision_type=2 2 2 2 2
left_child=4 2 -2 -4 -1
right_child=1 -3 3 -5 -6
leaf_value=-0.0040720275358776094 0.030410508460022218 0.0033221700262327405 -0.0016630707630865813 -0.021241722332526771 -0.0048823120092298796
leaf_weight=48 33 30 577 168 44
leaf_count=48 33 30 577 168 44
internal_value=-0.000333334 -0.000148515 -0.000250643 -0.00035235 -0.00195652
internal_weight=900 808 778 745 92
internal_count=900 808 778 745 92
is_linear=0
shrinkage=0.05


Tree=110
num_leaves=6
num_cat=0
split_feature=1 0 1 1 0
split_gain=0.115518 0.083384 0.0737875 0.113503 0.0118577
threshold=9.2267438929695498 12.240465536140013 13.48018396462353 11.689345843290051 8.6257340900164419
decision_type=2 2 2 2 2
left_child=4 2 3 -2 -1
right_child=1 -3 -4 -5 -6
leaf_value=-0.0038684261590836936 -0.0041993447656977463 0.0031560615249212279 -0.017900756197350189 0.019587110744360765 -0.0046381964087684096
leaf_weight=48 676 30 33 69 44
leaf_count=48 676 30 33 69 44
internal_value=-0.000277778 -8.66343e-05 -0.000186376 -8.38932e-05 -0.00195652
internal_weight=900 808 778 745 92
internal_count=900 808 778 745 92
is_linear=0
shrinkage=0.05


Tree=111
num_leaves=5
num_cat=0
split_feature=1 0 0 0
split_gain=0.100156 0.317736 0.110617 0.0534836
threshold=8.8867621520471385 8.8309550169357482 9.1440845701414304 9.7548832197563797
decision_type=2 2 2 2
left_child=-1 -2 -3 -4
right_child=1 2 3 -5
leaf_value=-0.0090261561199100459 0.070652272537421304 -0.022407171114877757 0.034544236618519825 -0.0037197458324446163
leaf_weight=48 36 56 180 580
leaf_count=48 36 56 180 580
internal_value=-0.000277778 -0.000152583 -0.000355393 -0.000197369
internal_weight=900 852 816 760
internal_count=900 852 816 760
is_linear=0
shrinkage=0.05


Tree=112
num_leaves=5
num_cat=0
split_feature=0 0 0 0
split_gain=0.0972222 0.153509 0.0908976 0.0432228
threshold=8.6783877781990579 9.1440845701414304 12.240465536140013 10.754371307511422
decision_type=2 2 2 2
left_child=-1 -2 3 -3
right_child=1 2 -4 -5
leaf_value=0.011371469622705599 -0.012281296053144351 -0.0012363393756932596 0.0031842457402973426 -0.020032757933486245
leaf_weight=60 80 562 30 168
leaf_count=60 80 562 30 168
internal_value=-0.000277778 -0.000416667 -0.000197369 -0.00030822
internal_weight=900 840 760 730
internal_count=900 840 760 730
is_linear=0
shrinkage=0.05


Tree=113
num_leaves=7
num_cat=0
split_feature=1 0 1 0 1 0
split_gain=0.107998 0.0662437 0.0482918 0.193264 0.13082 0.0118577
threshold=9.2267438929695498 9.0590106074420511 11.689345843290051 10.754371307511422 12.122840266530824 8.6257340900164419
decision_type=2 2 2 2 2 2
left_child=5 -2 3 -3 -4 -1
right_child=1 2 4 -5 -6 -7
leaf_value=-0.0058974543828656167 0.024998763167299605 -0.0010925561813190077 0.020086269199739572 -0.14729382611915795 -0.0023090213132030148 -0.0071094875647566003
leaf_weight=48 33 553 48 95 79 44
leaf_count=48 33 553 48 95 79 44
internal_value=-0.000333334 -0.000148515 -0.000241936 -0.000416667 0.000649606 -0.00195652
internal_weight=900 808 775 648 127 92
internal_count=900 808 775 648 127 92
is_linear=0
shrinkage=0.05


Tree=114
num_leaves=5
num_cat=0
split_feature=0 0 0 0
split_gain=0.0972222 0.153509 0.0908976 0.0432228
threshold=8.6783877781990579 9.1440845701414304 12.240465536140013 10.754371307511422
decision_type=2 2 2 2
left_child=-1 -2 3 -3
right_child=1 2 -4 -5
leaf_value=0.0095529579832053131 -0.01131175687224931 -0.0011198945978425712 0.0031404845189424435 -0.019307588784350137
leaf_weight=60 80 562 30 168
leaf_count=60 80 562 30 168
internal_value=-0.000277778 -0.000416667 -0.000197369 -0.00030822
internal_weight=900 840 760 730
internal_count=900 840 760 730
is_linear=0
shrinkage=0.05


Tree=115
num_leaves=7
num_cat=0
split_feature=1 0 1 0 1 0
split_gain=0.107998 0.0662437 0.0482918 0.193264 0.13082 0.0118577
threshold=9.2267438929695498 9.0590106074420511 11.689345843290051 10.754371307511422 12.122840266530824 8.6257340900164419
decision_type=2 2 2 2 2 2
left_child=5 -2 3 -3 -4 -1
right_child=1 2 4 -5 -6 -7
leaf_value=-0.0060802295628825422 0.023271177109774263 -0.00098193364236092481 0.02004733517897006 -0.13896375537398262 -0.0013404301311944905 -0.0061884253429063119
leaf_weight=48 33 553 48 95 79 44
leaf_count=48 33 553 48 95 79 44
internal_value=-0.000333334 -0.000148515 -0.000241936 -0.000416667 0.000649606 -0.00195652
internal_weight=900 808 775 648 127 92
internal_count=900 808 775 648 127 92
is_linear=0
shrinkage=0.05


Tree=116
num_leaves=7
num_cat=0
split_feature=1 0 0 0 1 0
split_gain=0.100732 0.0700332 0.0477201 0.16554 0.0777144 0.0118577
threshold=9.2267438929695498 9.0590106074420511 11.291121536759833 10.754371307511422 12.103643068401107 8.6257340900164419
decision_type=2 2 2 2 2 2
left_child=5 -2 3 -3 -4 -1
right_child=1 2 4 -5 -6 -7
leaf_value=-0.00577621808473838 0.022107618254285595 -0.0013565804629023027 -0.14316855033647152 -0.070689433863215356 0.024456855517101413 -0.0058790040757610296
leaf_weight=48 33 577 55 87 56 44
leaf_count=48 33 577 55 87 56 44
internal_value=-0.000388889 -0.000210397 -0.000306452 -0.000466868 0.000653153 -0.00195652
internal_weight=900 808 775 664 111 92
internal_count=900 808 775 664 111 92
is_linear=0
shrinkage=0.05


Tree=117
num_leaves=5
num_cat=0
split_feature=1 0 0 1
split_gain=0.0960073 0.39028 0.132448 0.0907683
threshold=8.8486496582154164 8.7990376390965999 9.1440845701414304 11.689345843290051
decision_type=2 2 2 2
left_child=-1 -2 -3 -4
right_child=1 2 3 -5
leaf_value=-0.011974295995909845 0.076327831574322769 -0.0104059652520192 -0.0067826713861216942 0.0041633931451163569
leaf_weight=44 32 64 635 125
leaf_count=44 32 64 635 125
internal_value=-0.000222223 -0.000105141 -0.000315535 -0.00013158
internal_weight=900 856 824 760
internal_count=900 856 824 760
is_linear=0
shrinkage=0.05


Tree=118
num_leaves=8
num_cat=0
split_feature=1 1 0 1 0 0 0
split_gain=0.115518 0.0625716 0.217692 0.393254 0.180481 0.261438 0.0118577
threshold=9.2267438929695498 11.689345843290051 10.754371307511422 10.92444436342767 10.843648837222277 11.590724816102318 8.6257340900164419
decision_type=2 2 2 2 2 2 2
left_child=6 2 3 -2 -3 -6 -1
right_child=1 4 -4 -5 5 -7 -8
leaf_value=-0.0072834530856124005 -0.008229919941145046 -0.030197460708534737 -0.12814196234281658 0.060669212211772544 0.021060107629691075 0.0010623681884975866 -0.0050647556093720509
leaf_weight=48 529 30 95 52 30 72 44
leaf_count=48 529 30 95 52 30 72 44
internal_value=-0.000277778 -8.66343e-05 -0.000281066 8.1755e-05 0.00090909 0.00191176 -0.00195652
internal_weight=900 808 676 581 132 102 92
internal_count=900 808 676 581 132 102 92
is_linear=0
shrinkage=0.05


Tree=119
num_leaves=8
num_cat=0
split_feature=1 1 0 1 0 0 0
split_gain=0.107998 0.0705905 0.203421 0.382926 0.180481 0.261438 0.0118577
threshold=9.2267438929695498 11.689345843290051 10.754371307511422 10.981104502859738 10.843648837222277 11.590724816102318 8.6257340900164419
decision_type=2 2 2 2 2 2 2
left_child=6 2 3 -2 -3 -6 -1
right_child=1 4 -4 -5 5 -7 -8
leaf_value=-0.0069192804313317636 -0.0039767802975535877 -0.028687587673107959 -0.12173486422567575 0.057635757612545607 0.020007102248206558 0.0010092497790726185 -0.0048115178289034775
leaf_weight=48 549 30 95 32 30 72 44
leaf_count=48 549 30 95 32 30 72 44
internal_value=-0.000333334 -0.000148515 -0.00035503 -4.30352e-06 0.00090909 0.00191176 -0.00195652
internal_weight=900 808 676 581 132 102 92
internal_count=900 808 676 581 132 102 92
is_linear=0
shrinkage=0.05


end of trees

feature_importances:
Column_0=333
Column_1=319

parameters:
[boosting: gbdt]
[objective: quantile]
[metric: quantile]
[tree_learner: serial]
[device_type: cpu]
[data_sample_strategy: bagging]
[data: ]
[valid: ]
[num_iterations: 120]
[learning_rate: 0.05]
[num_leaves: 12]
[num_threads: 2]
[seed: 26170]
[deterministic: 0]
[force_col_wise: 0]
[force_row_wise: 0]
[histogram_pool_size: -1]
[max_depth: 4]
[min_data_in_leaf: 30]
[min_sum_hessian_in_leaf: 0.001]
[bagging_fraction: 1]
[pos_bagging_fraction: 1]
[neg_bagging_fraction: 1]
[bagging_freq: 0]
[bagging_seed: 13002]
[bagging_by_query: 0]
[feature_fraction: 1]
[feature_fraction_bynode: 1]
[feature_fraction_seed: 3933]
[extra_trees: 0]
[extra_seed: 13870]
[early_stopping_round: 0]
[early_stopping_min_delta: 0]
[first_metric_only: 0]
[max_delta_step: 0]
[lambda_l1: 0]
[lambda_l2: 0]
[linear_lambda: 0]
[min_gain_to_split: 0]
[drop_rate: 0.1]
[max_drop: 50]
[skip_drop: 0.5]
[xgboost_dart_mode: 0]
[uniform_drop: 0]
[drop_seed: 25549]
[top_rate: 0.2]
[other_rate: 0.1]
[min_data_per_group: 100]
[max_cat_threshold: 32]
[cat_l2: 10]
[cat_smooth: 10]
[max_cat_to_onehot: 4]
[top_k: 20]
[monotone_constraints: ]
[monotone_constraints_method: basic]
[monotone_penalty: 0]
[feature_contri: ]
[forcedsplits_filename: ]
[refit_decay_rate: 0.9]
[cegb_tradeoff: 1]
[cegb_penalty_split: 0]
[cegb_penalty_feature_lazy: ]
[cegb_penalty_feature_coupled: ]
[path_smooth: 0]
[interaction_constraints: ]
[verbosity: -1]
[saved_feature_importance_type: 0]
[use_quantized_grad: 0]
[num_grad_quant_bins: 4]
[quant_train_renew_leaf: 0]
[stochastic_rounding: 1]
[linear_tree: 0]
[max_bin: 255]
[max_bin_by_feature: ]
[min_data_in_bin: 3]
[bin_construct_sample_cnt: 200000]
[data_random_seed: 19962]
[is_enable_sparse: 1]
[enable_bundle: 1]
[use_missing: 1]
[zero_as_missing: 0]
[feature_pre_filter: 1]
[pre_partition: 0]
[two_round: 0]
[header: 0]
[label_column: ]
[weight_column: ]
[group_column: ]
[ignore_column: ]
[categorical_feature: ]
[forcedbins_filename: ]
[precise_float_parser: 0]
[parser_config_file: ]
[objective_seed: 31251]
[num_class: 1]
[is_unbalance: 0]
[scale_pos_weight: 1]
[sigmoid: 1]
[boost_from_average: 1]
[reg_sqrt: 0]
[alpha: 0.95]
[fair_c: 1]
[poisson_max_delta_step: 0.7]
[tweedie_variance_power: 1.5]
[lambdarank_truncation_level: 30]
[lambdarank_norm: 1]
[label_gain: ]
[lambdarank_position_bias_regularization: 0]
[eval_at: ]
[multi_error_top_k: 1]
[auc_mu_weights: ]
[num_machines: 1]
[local_listen_port: 12400]
[time_out: 120]
[machine_list_filename: ]
[machines: ]
[gpu_platform_id: -1]
[gpu_device_id: -1]
[gpu_device_id_list: ]
[gpu_use_dp: 0]
[num_gpu: 1]

end of parameters

pandas_categorical:null
