tree
version=v4
num_class=1
num_tree_per_iteration=1
label_index=0
max_feature_idx=1
objective=quantile
feature_names=Column_0 Column_1
feature_infos=[0.38515422804004418:1.3998326804665999] [0.40493564526078007:1.4093741566609903]
tree_sizes=715 767 848 848 765 856 763 764 857 768 765 858 765 760 761 762 760 759 852 860 857 861 857 858 860 678 677 679 679 772 677 679 679 842 770 681 681 842 843 771 771 774 775 770 770 853 856 855 857 679 855 683 685 683 596 680 679 776 597 681 771 853 855 941 596 690 597 596 597 691 1116 600 598 601 680 770 1122 597 596 687 599 770 768 766 1213 597 693 769 768 770 768 865 1201 951 597 599 952 1211 599 600 1126 775 1211 1122 600 597 690 854 866 1035 685 855 772 601 780 597 1038 941 681 845

Tree=0
num_leaves=7
num_cat=0
split_feature=0 1 0 1 0 0
split_gain=8.28448 0.144876 0.718392 0.130015 0.0545296 0.0267514
threshold=0.7416483592067501 0.58324386251320937 0.57064368942102617 0.65009778244971805 0.47411334966051039 0.52971848801639909
decision_type=2 2 2 2 2 2
left_child=1 4 -3 -4 -1 -6
right_child=-2 2 3 -5 5 -7
leaf_value=1.035494603210243 1.0641632628986417 1.0489927466137765 1.0300122486459169 1.0431808406307326 1.0291548223832607 1.0271197412245689
leaf_weight=40 30 32 303 211 130 154
leaf_count=40 30 32 303 211 130 154
internal_value=1.04315 1.04226 1.04276 1.04231 1.04143 1.04118
internal_weight=900 870 546 514 324 284
internal_count=900 870 546 514 324 284
is_linear=0
shrinkage=1


Tree=1
num_leaves=7
num_cat=0
split_feature=0 1 0 1 0 0
split_gain=8.21337 0.187366 0.885554 0.179105 0.0545296 0.0267514
threshold=0.7416483592067501 0.58324386251320937 0.57262940457065103 0.63604471916556415 0.47411334966051039 0.52971848801639909
decision_type=2 2 2 2 2 2
left_child=1 4 -3 -4 -1 -6
right_child=-2 2 3 -5 5 -7
leaf_value=-0.0072773341150336405 0.019957892588945314 0.0045074826059579238 -0.013318500039980719 2.9612563472807171e-05 -0.013300125900666804 -0.015233453001423947
leaf_weight=40 30 44 228 274 130 154
leaf_count=40 30 44 228 274 130 154
internal_value=0.000111111 -0.000775863 -0.000210623 -0.000806774 -0.0017284 -0.00197183
internal_weight=900 870 546 502 324 284
internal_count=900 870 546 502 324 284
is_linear=0
shrinkage=0.05


Tree=2
num_leaves=8
num_cat=0
split_feature=0 1 0 1 0 1 0
split_gain=8.17793 0.151202 0.885554 0.179105 0.07163 0.233144 5.55112e-17
threshold=0.7416483592067501 0.58324386251320937 0.57262940457065103 0.63604471916556415 0.53794693496047297 0.54229505910719633 0.5612016577610287
decision_type=2 2 2 2 2 2 2
left_child=1 4 -3 -4 5 -1 -6
right_child=-2 2 3 -5 6 -7 -8
leaf_value=-0.0096758911357599734 0.018959997959498057 0.0042821084756600285 -0.012652575037981685 2.8131935299162587e-05 -0.014740141475414937 0.0019990411590341114 -0.016548461459641017
leaf_weight=156 30 44 228 274 95 41 32
leaf_count=156 30 44 228 274 95 41 32
internal_value=0.000166666 -0.000718391 -0.000210623 -0.000806774 -0.00157407 -0.000977158 -0.0025
internal_weight=900 870 546 502 324 197 127
internal_count=900 870 546 502 324 197 127
is_linear=0
shrinkage=0.05


Tree=3
num_leaves=8
num_cat=0
split_feature=0 1 0 1 0 1 0
split_gain=8.17793 0.151202 0.885554 0.179105 0.07163 0.233144 5.55112e-17
threshold=0.7416483592067501 0.58324386251320937 0.57262940457065103 0.63604471916556415 0.53794693496047297 0.54229505910719633 0.5612016577610287
decision_type=2 2 2 2 2 2 2
left_child=1 4 -3 -4 5 -1 -6
right_child=-2 2 3 -5 6 -7 -8
leaf_value=-0.0091920965789719766 0.018011998061523149 0.0040680030518770224 -0.012019946286082595 2.6725338534199126e-05 -0.014003134401644191 0.0018990891010824092 -0.015721038386658965
leaf_weight=156 30 44 228 274 95 41 32
leaf_count=156 30 44 228 274 95 41 32
internal_value=0.000166666 -0.000718391 -0.000210623 -0.000806774 -0.00157407 -0.000977158 -0.0025
internal_weight=900 870 546 502 324 197 127
internal_count=900 870 546 502 324 197 127
is_linear=0
shrinkage=0.05


Tree=4
num_leaves=7
num_cat=0
split_feature=0 1 0 1 0 1
split_gain=8.17793 0.101582 0.634389 0.179105 0.0520849 0.17251
threshold=0.7416483592067501 0.58324386251320937 0.57262940457065103 0.63604471916556415 0.54975243375952876 0.55731905707797613
decision_type=2 2 2 2 2 2
left_child=1 4 -3 -4 5 -1
right_child=-2 2 3 -5 -6 -7
leaf_value=-0.0091508961369160344 0.017111398158446988 0.0038646028992831757 -0.011418948971778465 2.5389071607488829e-05 -0.014441769981676823 0.00026069268763087756
leaf_weight=211 30 44 228 274 83 30
leaf_count=211 30 44 228 274 83 30
internal_value=0.000166666 -0.000718391 -0.000302198 -0.000806774 -0.00141975 -0.00104772
internal_weight=900 870 546 502 324 241
internal_count=900 870 546 502 324 241
is_linear=0
shrinkage=0.05


Tree=5
num_leaves=8
num_cat=0
split_feature=0 1 0 0 1 0 0
split_gain=8.21337 0.0959269 0.459726 0.143707 0.602202 0.0524845 0.00755619
threshold=0.7416483592067501 0.63604471916556415 0.62119863207360548 0.58087639531556545 0.58920880195209102 0.63408857621495496 0.60530206411515175
decision_type=2 2 2 2 2 2 2
left_child=1 3 -3 4 -1 -4 -5
right_child=-2 2 5 6 -6 -7 -8
leaf_value=-0.0087364633069571835 0.016255828250524639 0.0078167648546294544 -0.00027011458160508539 -0.011503920125408086 0.0062932091253458007 -0.0081129797622534038 -0.010750193767588768
leaf_weight=354 30 30 45 117 38 207 79
leaf_count=354 30 30 45 117 38 207 79
internal_value=0.000111111 -0.000775863 -1.77311e-05 -0.00113946 -0.000586735 -0.000714286 -0.0022449
internal_weight=900 870 282 588 392 252 196
internal_count=900 870 282 588 392 252 196
is_linear=0
shrinkage=0.05


Tree=6
num_leaves=7
num_cat=0
split_feature=0 1 0 1 0 1
split_gain=8.10728 0.137606 0.594665 0.17222 0.0520849 0.17251
threshold=0.7416483592067501 0.58324386251320937 0.57262940457065103 0.63604471916556415 0.54975243375952876 0.55731905707797613
decision_type=2 2 2 2 2 2
left_child=1 4 -3 -4 5 -1
right_child=-2 2 3 -5 -6 -7
leaf_value=-0.0082565281647223737 0.015443036837998404 0.0039954729912141333 -0.010345250511765242 0.00027304154752759419 -0.013282858317245122 0.00068448121859719072
leaf_weight=211 30 44 228 274 83 30
leaf_count=211 30 44 228 274 83 30
internal_value=0.000277777 -0.000603449 -0.000119048 -0.00060757 -0.00141975 -0.00104772
internal_weight=900 870 546 502 324 241
internal_count=900 870 546 502 324 241
is_linear=0
shrinkage=0.05


Tree=7
num_leaves=7
num_cat=0
split_feature=0 1 0 1 0 1
split_gain=8.07207 0.10689 0.594665 0.17222 0.0680293 0.152923
threshold=0.7416483592067501 0.58324386251320937 0.57262940457065103 0.63604471916556415 0.54975243375952876 0.55731905707797613
decision_type=2 2 2 2 2 2
left_child=1 4 -3 -4 5 -1
right_child=-2 2 3 -5 -6 -7
leaf_value=-0.0078437017564862571 0.014670884996098489 0.0037956993416534248 -0.0098279879861769767 0.00025938947015121376 -0.012618715401382869 0.00065025715766733265
leaf_weight=211 30 44 228 274 83 30
leaf_count=211 30 44 228 274 83 30
internal_value=0.000333333 -0.000545978 -0.000119048 -0.00060757 -0.00126543 -0.00084025
internal_weight=900 870 546 502 324 241
internal_count=900 870 546 502 324 241
is_linear=0
shrinkage=0.05


Tree=8
num_leaves=8
num_cat=0
split_feature=0 1 0 0 1 1 0
split_gain=8.10728 0.0971686 0.432286 0.122449 0.576793 0.0792666 0.0255688
threshold=0.7416483592067501 0.63604471916556415 0.62119863207360548 0.58087639531556545 0.58920880195209102 0.66650100442737326 0.60461416357900488
decision_type=2 2 2 2 2 2 2
left_child=1 3 -3 4 -1 -4 -5
right_child=-2 2 5 6 -6 -7 -8
leaf_value=-0.0074946286455488918 0.013937340746293559 0.0073993050610140394 -0.012268950995325659 -0.0099356326673803678 0.0055889900524351277 0.00015213126918907084 -0.0091572658941963155
leaf_weight=354 30 30 106 109 38 146 87
leaf_count=354 30 30 106 109 38 146 87
internal_value=0.000277777 -0.000603449 0.000159574 -0.000969388 -0.000459184 -0.000515874 -0.0019898
internal_weight=900 870 282 588 392 252 196
internal_count=900 870 282 588 392 252 196
is_linear=0
shrinkage=0.05


Tree=9
num_leaves=7
num_cat=0
split_feature=0 1 0 1 0 1
split_gain=8.10728 0.0904954 0.614366 0.160757 0.0680293 0.152923
threshold=0.7416483592067501 0.58324386251320937 0.57262940457065103 0.65009778244971805 0.54975243375952876 0.55731905707797613
decision_type=2 2 2 2 2 2
left_child=1 4 -3 -4 5 -1
right_child=-2 2 3 -5 -6 -7
leaf_value=-0.0070767852363845009 0.013240473708978885 0.0038825183312802027 -0.0087585064313289353 0.00039051936275512626 -0.011613048199036287 0.00099247573206140654
leaf_weight=211 30 44 291 211 83 30
leaf_count=211 30 44 291 211 83 30
internal_value=0.000277777 -0.000603449 -0.000210623 -0.000707172 -0.00126543 -0.00084025
internal_weight=900 870 546 502 324 241
internal_count=900 870 546 502 324 241
is_linear=0
shrinkage=0.05


Tree=10
num_leaves=7
num_cat=0
split_feature=0 1 0 1 0 1
split_gain=8.07207 0.10689 0.594665 0.17222 0.0680293 0.152923
threshold=0.7416483592067501 0.58324386251320937 0.57262940457065103 0.63604471916556415 0.54975243375952876 0.55731905707797613
decision_type=2 2 2 2 2 2
left_child=1 4 -3 -4 5 -1
right_child=-2 2 3 -5 -6 -7
leaf_value=-0.0067229459745652732 0.012578450023529942 0.0036883924147161889 -0.0084155031557783862 0.00026941997423932497 -0.011032395789084472 0.00094285194545833638
leaf_weight=211 30 44 228 274 83 30
leaf_count=211 30 44 228 274 83 30
internal_value=0.000333333 -0.000545978 -0.000119048 -0.00060757 -0.00126543 -0.00084025
internal_weight=900 870 546 502 324 241
internal_count=900 870 546 502 324 241
is_linear=0
shrinkage=0.05


Tree=11
num_leaves=8
num_cat=0
split_feature=0 1 0 0 1 1 0
split_gain=8.10728 0.0971686 0.432286 0.122449 0.576793 0.0792666 0.0255688
threshold=0.7416483592067501 0.63604471916556415 0.62119863207360548 0.58087639531556545 0.58920880195209102 0.66650100442737326 0.60461416357900488
decision_type=2 2 2 2 2 2 2
left_child=1 3 -3 4 -1 -4 -5
right_child=-2 2 5 6 -6 -7 -8
leaf_value=-0.0064299106527239596 0.011949527522353443 0.0069963428411136232 -0.011477092337456543 -0.0085801505546559808 0.0049309950125135506 0.00011152773887990186 -0.0078407021201311322
leaf_weight=354 30 30 106 109 38 146 87
leaf_count=354 30 30 106 109 38 146 87
internal_value=0.000277777 -0.000603449 0.000159574 -0.000969388 -0.000459184 -0.000515874 -0.0019898
internal_weight=900 870 282 588 392 252 196
internal_count=900 870 282 588 392 252 196
is_linear=0
shrinkage=0.05


Tree=12
num_leaves=7
num_cat=0
split_feature=0 1 0 1 0 1
split_gain=8.10728 0.0904954 0.614366 0.160757 0.0680293 0.152923
threshold=0.7416483592067501 0.58324386251320937 0.57262940457065103 0.65009778244971805 0.54975243375952876 0.55731905707797613
decision_type=2 2 2 2 2 2
left_child=1 4 -3 -4 5 -1
right_child=-2 2 3 -5 -6 -7
leaf_value=-0.0060653031432008151 0.011352051146235775 0.0037402612429473119 -0.007481497085421041 0.0003519460089614124 -0.010159280466994054 0.001217204880821615
leaf_weight=211 30 44 291 211 83 30
leaf_count=211 30 44 291 211 83 30
internal_value=0.000277777 -0.000603449 -0.000210623 -0.000707172 -0.00126543 -0.00084025
internal_weight=900 870 546 502 324 241
internal_count=900 870 546 502 324 241
is_linear=0
shrinkage=0.05


Tree=13
num_leaves=7
num_cat=0
split_feature=0 1 0 1 1 0
split_gain=7.08429 0.0955501 0.109939 0.187587 0.164042 0.02125
threshold=0.7416483592067501 0.52380723204672308 0.55392627748658563 0.55820445292710352 0.63604471916556415 0.47012741337726405
decision_type=2 2 2 2 2 2
left_child=1 5 3 -3 -4 -1
right_child=-2 2 4 -5 -6 -7
leaf_value=-0.011146047642712209 0.01078444858892399 -0.0028453185701051487 -0.0072024861203159709 0.0011900981643800667 0.00024505826312835389 -0.014229546749646872
leaf_weight=32 30 116 327 52 275 68
leaf_count=32 30 116 327 52 275 68
internal_value=0.000277777 -0.000545978 -0.000357143 0.000773809 -0.000672758 -0.002
internal_weight=900 870 770 168 602 100
internal_count=900 870 770 168 602 100
is_linear=0
shrinkage=0.05


Tree=14
num_leaves=7
num_cat=0
split_feature=0 1 0 1 1 0
split_gain=7.05138 0.103253 0.0976769 0.187587 0.135163 0.02125
threshold=0.7416483592067501 0.52380723204672308 0.55392627748658563 0.55820445292710352 0.63604471916556415 0.47012741337726405
decision_type=2 2 2 2 2 2
left_child=1 5 3 -3 -4 -1
right_child=-2 2 4 -5 -6 -7
leaf_value=-0.010588745260576599 0.010245226159477795 -0.0027030526415998905 -0.0068423618143001741 0.0011305932561610653 0.00023280534997193524 -0.013518069412164531
leaf_weight=32 30 116 327 52 275 68
leaf_count=32 30 116 327 52 275 68
internal_value=0.000333333 -0.000488506 -0.000292208 0.000773809 -0.000589702 -0.002
internal_weight=900 870 770 168 602 100
internal_count=900 870 770 168 602 100
is_linear=0
shrinkage=0.05


Tree=15
num_leaves=7
num_cat=0
split_feature=0 1 0 1 1 0
split_gain=7.05138 0.103253 0.0976769 0.187587 0.135163 0.02125
threshold=0.7416483592067501 0.52380723204672308 0.55392627748658563 0.55820445292710352 0.63604471916556415 0.47012741337726405
decision_type=2 2 2 2 2 2
left_child=1 5 3 -3 -4 -1
right_child=-2 2 4 -5 -6 -7
leaf_value=-0.010059307997547768 0.0097329648515039006 -0.0025679000095198967 -0.0065002437235851642 0.0010740635933530096 0.00022116508247334364 -0.012842165941556306
leaf_weight=32 30 116 327 52 275 68
leaf_count=32 30 116 327 52 275 68
internal_value=0.000333333 -0.000488506 -0.000292208 0.000773809 -0.000589702 -0.002
internal_weight=900 870 770 168 602 100
internal_count=900 870 770 168 602 100
is_linear=0
shrinkage=0.05


Tree=16
num_leaves=7
num_cat=0
split_feature=0 1 0 1 1 0
split_gain=6.09966 0.111254 0.0884222 0.150182 0.128571 0.02125
threshold=0.7416483592067501 0.52380723204672308 0.54071806234852648 0.58324386251320937 0.54945005999977681 0.47012741337726405
decision_type=2 2 2 2 2 2
left_child=1 5 4 -4 -3 -1
right_child=-2 2 3 -5 -6 -7
leaf_value=-0.0095563425976703809 0.009246316608928707 -0.0011595473480673524 -0.0087907747960404518 -0.00040887342075911497 0.0035347157390692749 -0.012200057644478492
leaf_weight=32 30 80 117 541 32 68
leaf_count=32 30 80 117 541 32 68
internal_value=0.000333333 -0.000431035 -0.000227273 -0.000448329 0.00107143 -0.002
internal_weight=900 870 770 658 112 100
internal_count=900 870 770 658 112 100
is_linear=0
shrinkage=0.05


Tree=17
num_leaves=7
num_cat=0
split_feature=0 1 0 1 1 0
split_gain=6.09966 0.111254 0.0884222 0.150182 0.128571 0.02125
threshold=0.7416483592067501 0.52380723204672308 0.54071806234852648 0.58324386251320937 0.54945005999977681 0.47012741337726405
decision_type=2 2 2 2 2 2
left_child=1 5 4 -4 -3 -1
right_child=-2 2 3 -5 -6 -7
leaf_value=-0.0090785254677868635 0.0087840007784822701 -0.0011015699806639857 -0.008351236056238432 -0.0003884297497211642 0.0033579799521158112 -0.011590054762254566
leaf_weight=32 30 80 117 541 32 68
leaf_count=32 30 80 117 541 32 68
internal_value=0.000333333 -0.000431035 -0.000227273 -0.000448329 0.00107143 -0.002
internal_weight=900 870 770 658 112 100
internal_count=900 870 770 658 112 100
is_linear=0
shrinkage=0.05


Tree=18
num_leaves=8
num_cat=0
split_feature=0 1 0 1 0 1 1
split_gain=5.2169 0.0702436 0.575284 0.134004 0.1104 0.139333 0.022429
threshold=0.7416483592067501 0.58324386251320937 0.57262940457065103 0.63604471916556415 0.53794693496047297 0.54229505910719633 0.55945572129905308
decision_type=2 2 2 2 2 2 2
left_child=1 4 -3 -4 5 -1 -6
right_child=-2 2 3 -5 6 -7 -8
leaf_value=-0.0035352030352969049 0.0083448007395581555 0.0038857213827126918 -0.0061475901089267709 0.0002542898473818454 -0.011130779461955849 0.0024499691496097896 -0.0078738751795666261
leaf_weight=156 30 44 228 274 33 41 94
leaf_count=156 30 44 228 274 33 41 94
internal_value=0.000333333 -0.000373564 -2.74731e-05 -0.000507969 -0.000956791 -0.000215737 -0.0021063
internal_weight=900 870 546 502 324 197 127
internal_count=900 870 546 502 324 197 127
is_linear=0
shrinkage=0.05


Tree=19
num_leaves=8
num_cat=0
split_feature=0 1 0 0 1 1 1
split_gain=5.24521 0.0582172 0.432286 0.122449 0.423288 0.0792666 0.0297119
threshold=0.7416483592067501 0.63604471916556415 0.62119863207360548 0.58087639531556545 0.58324386251320937 0.66650100442737326 0.61073729189183779
decision_type=2 2 2 2 2 2 2
left_child=1 3 -3 4 -1 -4 -5
right_child=-2 2 5 6 -6 -7 -8
leaf_value=-0.0053766086834870948 0.0079275607025802493 0.0066211276299861128 -0.010870972280020583 -0.0075144357918203843 0.0044621643767503291 8.0553282864082037e-05 -0.0056678021421471721
leaf_weight=324 30 30 106 77 68 146 119
leaf_count=324 30 30 106 77 68 146 119
internal_value=0.000277777 -0.000431035 0.000159574 -0.000714286 -0.000204082 -0.000515874 -0.00173469
internal_weight=900 870 282 588 392 252 196
internal_count=900 870 282 588 392 252 196
is_linear=0
shrinkage=0.05


Tree=20
num_leaves=8
num_cat=0
split_feature=0 1 0 0 1 1 0
split_gain=4.48138 0.0620843 0.385748 0.11046 0.423288 0.0758989 0.0719808
threshold=0.7416483592067501 0.65009778244971805 0.64010565801554231 0.58087639531556545 0.58324386251320937 0.66650100442737326 0.6266071455640837
decision_type=2 2 2 2 2 2 2
left_child=1 3 -3 4 -1 -4 -5
right_child=-2 2 5 6 -6 -7 -8
leaf_value=-0.0051077782493127392 0.0075311826674512418 0.0058286179390811934 -0.010880271203234749 -0.0054531410779209344 0.0042390561579128084 -0.00045633186222165945 -0.0022496784305645889
leaf_weight=324 30 32 42 228 68 145 31
leaf_count=324 30 32 42 228 68 145 31
internal_value=0.000166666 -0.000488506 0.000239725 -0.000733488 -0.000204082 -0.000628343 -0.00153475
internal_weight=900 870 219 651 392 187 259
internal_count=900 870 219 651 392 187 259
is_linear=0
shrinkage=0.05


Tree=21
num_leaves=8
num_cat=0
split_feature=0 1 0 0 1 1 1
split_gain=4.45521 0.0582172 0.432286 0.122449 0.423288 0.0792666 0.0297119
threshold=0.7416483592067501 0.63604471916556415 0.62119863207360548 0.58087639531556545 0.58324386251320937 0.66650100442737326 0.61073729189183779
decision_type=2 2 2 2 2 2 2
left_child=1 3 -3 4 -1 -4 -5
right_child=-2 2 5 6 -6 -7 -8
leaf_value=-0.0048523893368471018 0.0071546235340786751 0.0059986403515327469 -0.0098913793722990254 -0.0068660569483333161 0.0040271033500171652 9.9342211831965352e-05 -0.0051117549811437683
leaf_weight=324 30 30 106 77 68 146 119
leaf_count=324 30 30 106 77 68 146 119
internal_value=0.000222222 -0.000431035 0.000159574 -0.000714286 -0.000204082 -0.000515874 -0.00173469
internal_weight=900 870 282 588 392 252 196
internal_count=900 870 282 588 392 252 196
is_linear=0
shrinkage=0.05


Tree=22
num_leaves=8
num_cat=0
split_feature=0 1 0 0 1 1 0
split_gain=3.7536 0.0620843 0.385748 0.11046 0.423288 0.0758989 0.0719808
threshold=0.7416483592067501 0.65009778244971805 0.64010565801554231 0.58087639531556545 0.58324386251320937 0.66650100442737326 0.6266071455640837
decision_type=2 2 2 2 2 2 2
left_child=1 3 -3 4 -1 -4 -5
right_child=-2 2 5 6 -6 -7 -8
leaf_value=-0.0046097698700047485 0.0067968923573747397 0.0052372550245505028 -0.0098416886744580601 -0.0049248962749676968 0.0038257481825163045 -0.00043848237970217641 -0.0016426255404214107
leaf_weight=324 30 32 42 228 68 145 31
leaf_count=324 30 32 42 228 68 145 31
internal_value=0.000111111 -0.000488506 0.000239725 -0.000733488 -0.000204082 -0.000628343 -0.00153475
internal_weight=900 870 219 651 392 187 259
internal_count=900 870 219 651 392 187 259
is_linear=0
shrinkage=0.05


Tree=23
num_leaves=8
num_cat=0
split_feature=0 1 0 0 1 1 1
split_gain=3.72966 0.0582172 0.432286 0.122449 0.267514 0.0792666 0.0297119
threshold=0.7416483592067501 0.63604471916556415 0.62119863207360548 0.58087639531556545 0.58324386251320937 0.66650100442737326 0.61073729189183779
decision_type=2 2 2 2 2 2 2
left_child=1 3 -3 4 -1 -4 -5
right_child=-2 2 5 6 -6 -7 -8
leaf_value=-0.004379281376504513 0.0064570477395060055 0.0054368455827285894 -0.0092736505370606664 -0.0062765092871682644 0.003634460773390487 0.00011629922022546869 -0.004609922418338192
leaf_weight=324 30 30 106 77 68 146 119
leaf_count=324 30 30 106 77 68 146 119
internal_value=0.000166666 -0.000431035 0.000159574 -0.000714286 -0.000204082 -0.000515874 -0.00173469
internal_weight=900 870 282 588 392 252 196
internal_count=900 870 282 588 392 252 196
is_linear=0
shrinkage=0.05


Tree=24
num_leaves=8
num_cat=0
split_feature=0 1 0 0 1 1 0
split_gain=3.11207 0.0722702 0.385748 0.111397 0.208269 0.0758989 0.0524965
threshold=0.7416483592067501 0.65009778244971805 0.64010565801554231 0.54071806234852648 0.52380723204672308 0.66650100442737326 0.6266071455640837
decision_type=2 2 2 2 2 2 2
left_child=1 3 -3 4 -1 -4 -5
right_child=-2 2 5 6 -6 -7 -8
leaf_value=-0.0094325717020052949 0.0061341953525307028 0.0047035499941865512 -0.0088859217138821233 -0.0044158745714208223 0.0026354169245993639 -0.00042237322172834492 -0.0010968117365473095
leaf_weight=100 30 32 42 412 108 145 31
leaf_count=100 30 32 42 412 108 145 31
internal_value=-5.96046e-10 -0.000545978 0.000239725 -0.000810292 0.00014423 -0.000628343 -0.00125847
internal_weight=900 870 219 651 208 187 443
internal_count=900 870 219 651 208 187 443
is_linear=0
shrinkage=0.05


Tree=25
num_leaves=6
num_cat=0
split_feature=0 0 1 0 0
split_gain=3.0469 0.0607046 0.367269 0.10534 0.0441176
threshold=0.7416483592067501 0.66993913421827822 0.66650100442737326 0.63408857621495496 0.69491641360216472
decision_type=2 2 2 2 2
left_child=1 2 3 -1 -3
right_child=-2 4 -4 -5 -6
leaf_value=-0.0018325262168391331 0.0058274855849041688 -0.0090621006808532245 0.0034367868442567897 -0.0094088255853550917 -0.0034175668732341125
leaf_weight=649 30 54 57 62 48
leaf_count=649 30 54 57 62 48
internal_value=0.000166666 -0.000373564 -0.000221355 -0.000530943 -0.00151961
internal_weight=900 870 768 711 102
internal_count=900 870 768 711 102
is_linear=0
shrinkage=0.05


Tree=26
num_leaves=6
num_cat=0
split_feature=0 0 1 0 0
split_gain=3.0469 0.0607046 0.367269 0.10534 0.0441176
threshold=0.7416483592067501 0.66993913421827822 0.66650100442737326 0.63408857621495496 0.69491641360216472
decision_type=2 2 2 2 2
left_child=1 2 3 -1 -3
right_child=-2 4 -4 -5 -6
leaf_value=-0.0017408999059971752 0.0055361113056589641 -0.0086089956468105699 0.003264947502043947 -0.0089383843060873384 -0.0032466885295724061
leaf_weight=649 30 54 57 62 48
leaf_count=649 30 54 57 62 48
internal_value=0.000166666 -0.000373564 -0.000221355 -0.000530943 -0.00151961
internal_weight=900 870 768 711 102
internal_count=900 870 768 711 102
is_linear=0
shrinkage=0.05


Tree=27
num_leaves=6
num_cat=0
split_feature=0 0 1 0 0
split_gain=3.06854 0.0547688 0.229043 0.10534 0.0441176
threshold=0.7416483592067501 0.66993913421827822 0.66650100442737326 0.63408857621495496 0.69491641360216472
decision_type=2 2 2 2 2
left_child=1 2 3 -1 -3
right_child=-2 4 -4 -5 -6
leaf_value=-0.0016538549106973187 0.0052593057403760197 -0.0081785458644700448 0.0031017001269417533 -0.0084914650907829733 -0.0030843541030937897
leaf_weight=649 30 54 57 62 48
leaf_count=649 30 54 57 62 48
internal_value=0.000111111 -0.000431035 -0.000286459 -0.000530943 -0.00151961
internal_weight=900 870 768 711 102
internal_count=900 870 768 711 102
is_linear=0
shrinkage=0.05


Tree=28
num_leaves=6
num_cat=0
split_feature=0 0 1 0 0
split_gain=3.06854 0.0547688 0.229043 0.10534 0.0441176
threshold=0.7416483592067501 0.66993913421827822 0.66650100442737326 0.63408857621495496 0.69491641360216472
decision_type=2 2 2 2 2
left_child=1 2 3 -1 -3
right_child=-2 4 -4 -5 -6
leaf_value=-0.0015711621651624506 0.0049963404533572182 -0.0077696185712465395 0.0029466151205946645 -0.0080668918362438221 -0.0029301363979390982
leaf_weight=649 30 54 57 62 48
leaf_count=649 30 54 57 62 48
internal_value=0.000111111 -0.000431035 -0.000286459 -0.000530943 -0.00151961
internal_weight=900 870 768 711 102
internal_count=900 870 768 711 102
is_linear=0
shrinkage=0.05


Tree=29
num_leaves=7
num_cat=0
split_feature=0 0 1 0 1 1
split_gain=2.49138 0.070193 0.414275 0.0810547 0.0637885 0.0209524
threshold=0.7416483592067501 0.63408857621495496 0.64515649016284871 0.58087639531556545 0.70601705525831349 0.67936934647047098
decision_type=2 2 2 2 2 2
left_child=1 2 3 -1 5 -3
right_child=-2 4 -4 -5 -6 -7
leaf_value=-0.00087255838560426071 0.0047465234306893539 -0.0062598141529436714 0.0043684539277861261 -0.0038187105364123845 0.00073308141769679383 -0.0094214739653688054
leaf_weight=392 30 84 32 239 57 66
leaf_count=392 30 84 32 239 57 66
internal_value=-5.96046e-10 -0.000488506 -0.000237557 -0.000519018 -0.00129227 -0.00183333
internal_weight=900 870 663 631 207 150
internal_count=900 870 663 631 207 150
is_linear=0
shrinkage=0.05


Tree=30
num_leaves=6
num_cat=0
split_feature=0 0 1 0 0
split_gain=1.92245 0.0607046 0.367269 0.10534 0.0441176
threshold=0.7416483592067501 0.66993913421827822 0.66650100442737326 0.63408857621495496 0.69491641360216472
decision_type=2 2 2 2 2
left_child=1 2 3 -1 -3
right_child=-2 4 -4 -5 -6
leaf_value=-0.0014489761376241161 0.0045091972591548846 -0.0071317211441594185 0.003042346349918788 -0.0073505565367844479 -0.0028202836489269914
leaf_weight=649 30 54 57 62 48
leaf_count=649 30 54 57 62 48
internal_value=5.5555e-05 -0.000373564 -0.000221355 -0.000530943 -0.00151961
internal_weight=900 870 768 711 102
internal_count=900 870 768 711 102
is_linear=0
shrinkage=0.05


Tree=31
num_leaves=6
num_cat=0
split_feature=0 0 1 0 0
split_gain=1.92245 0.0607046 0.219368 0.112999 0.0441176
threshold=0.7416483592067501 0.66993913421827822 0.66650100442737326 0.63408857621495496 0.69491641360216472
decision_type=2 2 2 2 2
left_child=1 2 3 -1 -3
right_child=-2 4 -4 -5 -6
leaf_value=-0.0013765273307429127 0.0042837373961971403 -0.0067751350869514494 0.0028902290324228515 -0.0069830287099452272 -0.0026792694664806386
leaf_weight=649 30 54 57 62 48
leaf_count=649 30 54 57 62 48
internal_value=5.5555e-05 -0.000373564 -0.000221355 -0.000460619 -0.00151961
internal_weight=900 870 768 711 102
internal_count=900 870 768 711 102
is_linear=0
shrinkage=0.05


Tree=32
num_leaves=6
num_cat=0
split_feature=0 0 1 0 0
split_gain=1.92245 0.0607046 0.219368 0.112999 0.0441176
threshold=0.7416483592067501 0.66993913421827822 0.66650100442737326 0.63408857621495496 0.69491641360216472
decision_type=2 2 2 2 2
left_child=1 2 3 -1 -3
right_child=-2 4 -4 -5 -6
leaf_value=-0.0013077009642057679 0.0040695505263872887 -0.0064363783326038745 0.0027457175808017083 -0.0066338772744479642 -0.0025453059931566102
leaf_weight=649 30 54 57 62 48
leaf_count=649 30 54 57 62 48
internal_value=5.5555e-05 -0.000373564 -0.000221355 -0.000460619 -0.00151961
internal_weight=900 870 768 711 102
internal_count=900 870 768 711 102
is_linear=0
shrinkage=0.05


Tree=33
num_leaves=8
num_cat=0
split_feature=0 0 1 0 0 1 0
split_gain=1.73687 0.107516 0.453657 0.32 0.143707 0.036839 0.102408
threshold=0.72377146229857081 0.63408857621495496 0.63604471916556415 0.62119863207360548 0.58087639531556545 0.66650100442737326 0.66993913421827822
decision_type=2 2 2 2 2 2 2
left_child=1 2 4 -4 -1 -3 -7
right_child=-2 5 3 -5 -6 6 -8
leaf_value=-0.00062227024469541103 0.0042451552244426542 -0.0063021834107255649 0.004368086318233772 -0.0010533235674532319 -0.0036913151771276742 0.0019086201400191393 -0.0064141281298498339
leaf_weight=392 39 62 30 45 196 43 93
leaf_count=392 39 62 30 45 196 43 93
internal_value=-5.96046e-10 -0.00046748 -0.000162142 0.0035 -0.000629252 -0.0014899 -0.00102941
internal_weight=900 861 663 75 588 198 136
internal_count=900 861 663 75 588 198 136
is_linear=0
shrinkage=0.05


Tree=34
num_leaves=7
num_cat=0
split_feature=0 0 1 0 1 1
split_gain=1.08138 0.070193 0.414275 0.0810547 0.0637885 0.0209524
threshold=0.7416483592067501 0.63408857621495496 0.64515649016284871 0.58087639531556545 0.70601705525831349 0.67936934647047098
decision_type=2 2 2 2 2 2
left_child=1 2 3 -1 5 -3
right_child=-2 4 -4 -5 -6 -7
leaf_value=-0.00059115673246064055 0.0036538152388457925 -0.0045833411487013311 0.0038500286824338275 -0.00323654902910675 0.00074254685135033557 -0.0080362434730195439
leaf_weight=392 30 84 32 239 57 66
leaf_count=392 30 84 32 239 57 66
internal_value=-0.000166667 -0.000488506 -0.000237557 -0.000519018 -0.00129227 -0.00183333
internal_weight=900 870 663 631 207 150
internal_count=900 870 663 631 207 150
is_linear=0
shrinkage=0.05


Tree=35
num_leaves=6
num_cat=0
split_feature=0 0 1 0 0
split_gain=1.05579 0.0607046 0.219368 0.112999 0.0441176
threshold=0.7416483592067501 0.66993913421827822 0.66650100442737326 0.63408857621495496 0.69491641360216472
decision_type=2 2 2 2 2
left_child=1 2 3 -1 -3
right_child=-2 4 -4 -5 -6
leaf_value=-0.0010531199269151082 0.0034711244769034979 -0.0056773517986982687 0.0026889090499659062 -0.0057579071827542246 -0.0024808880399772035
leaf_weight=649 30 54 57 62 48
leaf_count=649 30 54 57 62 48
internal_value=-5.55562e-05 -0.000373564 -0.000221355 -0.000460619 -0.00151961
internal_weight=900 870 768 711 102
internal_count=900 870 768 711 102
is_linear=0
shrinkage=0.05


Tree=36
num_leaves=6
num_cat=0
split_feature=0 0 1 0 0
split_gain=0.719119 0.0607046 0.219368 0.112999 0.0441176
threshold=0.7416483592067501 0.66993913421827822 0.66650100442737326 0.63408857621495496 0.69491641360216472
decision_type=2 2 2 2 2
left_child=1 2 3 -1 -3
right_child=-2 4 -4 -5 -6
leaf_value=-0.0010004639305693508 0.003297568253058325 -0.0053934842087633578 0.0025544635974676065 -0.0054700118236165112 -0.0023568436379783463
leaf_weight=649 30 54 57 62 48
leaf_count=649 30 54 57 62 48
internal_value=-0.000111112 -0.000373564 -0.000221355 -0.000460619 -0.00151961
internal_weight=900 870 768 711 102
internal_count=900 870 768 711 102
is_linear=0
shrinkage=0.05


Tree=37
num_leaves=8
num_cat=0
split_feature=0 0 1 0 0 1 0
split_gain=0.719175 0.107516 0.453657 0.32 0.143707 0.036839 0.102408
threshold=0.72377146229857081 0.63408857621495496 0.63604471916556415 0.62119863207360548 0.58087639531556545 0.66650100442737326 0.66993913421827822
decision_type=2 2 2 2 2 2 2
left_child=1 2 4 -4 -1 -3 -7
right_child=-2 5 3 -5 -6 6 -8
leaf_value=-0.00045891970296338663 0.003511772064780139 -0.0051965112324356862 0.0038591935833197852 -0.0013114917361861629 -0.0032422427739417282 0.0017974521561429403 -0.005577007265551776
leaf_weight=392 39 62 30 45 196 43 93
leaf_count=392 39 62 30 45 196 43 93
internal_value=-0.000166667 -0.00046748 -0.000162142 0.0035 -0.000629252 -0.0014899 -0.00102941
internal_weight=900 861 663 75 588 198 136
internal_count=900 861 663 75 588 198 136
is_linear=0
shrinkage=0.05


Tree=38
num_leaves=8
num_cat=0
split_feature=0 0 1 0 0 1 0
split_gain=0.478063 0.107516 0.453657 0.32 0.143707 0.036839 0.102408
threshold=0.72377146229857081 0.63408857621495496 0.63604471916556415 0.62119863207360548 0.58087639531556545 0.66650100442737326 0.66993913421827822
decision_type=2 2 2 2 2 2 2
left_child=1 2 4 -4 -1 -3 -7
right_child=-2 5 3 -5 -6 6 -8
leaf_value=-0.00043597371781521605 0.0033361834615411312 -0.0049366856708139006 0.0036662339041537914 -0.001245917149376859 -0.0030801306352446437 0.0017075795483357894 -0.0052981569022741877
leaf_weight=392 39 62 30 45 196 43 93
leaf_count=392 39 62 30 45 196 43 93
internal_value=-0.000222223 -0.00046748 -0.000162142 0.0035 -0.000629252 -0.0014899 -0.00102941
internal_weight=900 861 663 75 588 198 136
internal_count=900 861 663 75 588 198 136
is_linear=0
shrinkage=0.05


Tree=39
num_leaves=7
num_cat=0
split_feature=0 0 1 0 1 0
split_gain=0.487924 0.0956493 0.414275 0.0810547 0.036839 0.102408
threshold=0.72377146229857081 0.63408857621495496 0.64515649016284871 0.58087639531556545 0.66650100442737326 0.66993913421827822
decision_type=2 2 2 2 2 2
left_child=1 2 3 -1 -3 -6
right_child=-2 4 -4 -5 5 -7
leaf_value=-0.00041417503192445453 0.0031693742884640777 -0.0046898513872732032 0.0032197536802810903 -0.0026559237143178706 0.0016222005709189949 -0.0050332490571604778
leaf_weight=392 39 62 32 239 43 93
leaf_count=392 39 62 32 239 43 93
internal_value=-0.000277778 -0.000525552 -0.000237557 -0.000519018 -0.0014899 -0.00102941
internal_weight=900 861 663 631 198 136
internal_count=900 861 663 631 198 136
is_linear=0
shrinkage=0.05


Tree=40
num_leaves=7
num_cat=0
split_feature=0 0 1 0 1 0
split_gain=0.487924 0.0956493 0.414275 0.0810547 0.036839 0.102408
threshold=0.72377146229857081 0.63408857621495496 0.64515649016284871 0.58087639531556545 0.66650100442737326 0.66993913421827822
decision_type=2 2 2 2 2 2
left_child=1 2 3 -1 -3 -6
right_child=-2 4 -4 -5 5 -7
leaf_value=-0.00039346628032823337 0.0030109055740408786 -0.0044553588179095443 0.0030587659962670322 -0.0025231275286019764 0.0015410905423730451 -0.0047815866043024518
leaf_weight=392 39 62 32 239 43 93
leaf_count=392 39 62 32 239 43 93
internal_value=-0.000277778 -0.000525552 -0.000237557 -0.000519018 -0.0014899 -0.00102941
internal_weight=900 861 663 631 198 136
internal_count=900 861 663 631 198 136
is_linear=0
shrinkage=0.05


Tree=41
num_leaves=7
num_cat=0
split_feature=0 0 1 0 1 1
split_gain=0.487924 0.101973 0.742456 0.122357 0.0606664 0.0472231
threshold=0.72377146229857081 0.62046888934734301 0.63411175204336145 0.58087639531556545 0.64078830360703576 0.66650100442737326
decision_type=2 2 2 2 2 2
left_child=1 2 3 -1 -3 -6
right_child=-2 4 -4 -5 5 -7
leaf_value=-0.00037379296631182262 0.0028603602953388377 0.0020229534886527525 0.0031689962251186909 -0.0026874401919858215 -0.0046150742077719856 -0.0013102792329091563
leaf_weight=392 39 31 30 178 93 137
leaf_count=392 39 31 30 178 93 137
internal_value=-0.000277778 -0.000525552 -0.000166667 -0.000570176 -0.00135058 -0.00163044
internal_weight=900 861 600 570 261 230
internal_count=900 861 600 570 261 230
is_linear=0
shrinkage=0.05


Tree=42
num_leaves=7
num_cat=0
split_feature=0 0 1 0 1 1
split_gain=0.497885 0.0881227 0.467456 0.122357 0.0606664 0.0472231
threshold=0.72377146229857081 0.62046888934734301 0.63411175204336145 0.58087639531556545 0.64078830360703576 0.66650100442737326
decision_type=2 2 2 2 2 2
left_child=1 2 3 -1 -3 -6
right_child=-2 4 -4 -5 5 -7
leaf_value=-0.00035510331799623054 0.0027173422805718997 0.0019218058142201136 0.0030105464138627564 -0.0025530681823865285 -0.0043843204973833877 -0.0012447652712636982
leaf_weight=392 39 31 30 178 93 137
leaf_count=392 39 31 30 178 93 137
internal_value=-0.000333334 -0.000583624 -0.000250001 -0.000570176 -0.00135058 -0.00163044
internal_weight=900 861 600 570 261 230
internal_count=900 861 600 570 261 230
is_linear=0
shrinkage=0.05


Tree=43
num_leaves=7
num_cat=0
split_feature=0 0 1 0 1 0
split_gain=0.30139 0.0844763 0.222015 0.0810547 0.036839 0.102408
threshold=0.72377146229857081 0.63408857621495496 0.64515649016284871 0.58087639531556545 0.66650100442737326 0.66993913421827822
decision_type=2 2 2 2 2 2
left_child=1 2 3 -1 -3 -6
right_child=-2 4 -4 -5 5 -7
leaf_value=-0.00033734815209641734 0.0025814751665433015 -0.0037826211417562984 0.0025968505645046049 -0.0021349457334532587 0.0015917882404630414 -0.0044147550488786826
leaf_weight=392 39 62 32 239 43 93
leaf_count=392 39 62 32 239 43 93
internal_value=-0.000388889 -0.000583624 -0.000312972 -0.000519018 -0.0014899 -0.00102941
internal_weight=900 861 663 631 198 136
internal_count=900 861 663 631 198 136
is_linear=0
shrinkage=0.05


Tree=44
num_leaves=7
num_cat=0
split_feature=0 0 1 0 1 0
split_gain=0.30139 0.104533 0.344303 0.125613 0.0544984 0.102967
threshold=0.72377146229857081 0.60645645924628155 0.61817406867149216 0.58087639531556545 0.63604471916556415 0.63408857621495496
decision_type=2 2 2 2 2 2
left_child=1 2 3 -1 -3 -6
right_child=-2 4 -4 -5 5 -7
leaf_value=-0.00032048074449159451 0.0024524014082161318 -0.0026116889570523567 0.008854529164724843 -0.0032596021560125782 0.0015459175585093099 -0.0025188510938869732
leaf_weight=392 39 72 35 105 59 198
leaf_count=392 39 72 35 105 59 198
internal_value=-0.000388889 -0.000583624 -0.000150377 -0.000487928 -0.0012842 -0.00094358
internal_weight=900 861 532 497 329 257
internal_count=900 861 532 497 329 257
is_linear=0
shrinkage=0.05


Tree=45
num_leaves=8
num_cat=0
split_feature=0 0 1 0 0 1 0
split_gain=0.309229 0.0937865 0.223418 0.160002 0.12941 0.056835 0.102967
threshold=0.72377146229857081 0.60569393002292282 0.60849958901343504 0.59736728114878235 0.55020908388281853 0.63604471916556415 0.63408857621495496
decision_type=2 2 2 2 2 2 2
left_child=1 2 4 -4 -1 -3 -7
right_child=-2 5 3 -5 -6 6 -8
leaf_value=0.0005535243868710917 0.0023297813378053258 -0.0023499061537768542 0.0046625619939145305 0.00079046357971740563 -0.0037453415069504895 0.0014686216805838447 -0.0023929085391926259
leaf_weight=246 39 76 34 38 210 59 198
leaf_count=246 39 76 34 38 210 59 198
internal_value=-0.000444445 -0.000641696 -0.000227273 0.00236111 -0.000635966 -0.0012988 -0.00094358
internal_weight=900 861 528 72 456 333 257
internal_count=900 861 528 72 456 333 257
is_linear=0
shrinkage=0.05


Tree=46
num_leaves=8
num_cat=0
split_feature=0 0 1 0 0 1 0
split_gain=0.309229 0.12305 0.439246 0.172847 0.142031 0.0626356 0.130918
threshold=0.72377146229857081 0.58087639531556545 0.58324386251320937 0.57262940457065103 0.53794693496047297 0.61073729189183779 0.60569393002292282
decision_type=2 2 2 2 2 2 2
left_child=1 2 4 -4 -1 -3 -7
right_child=-2 5 3 -5 -6 6 -8
leaf_value=-0.00026378689871333629 0.0022132922709150573 -0.0034707928718456849 0.0034526524238235007 0.00076794554139614788 -0.0049959815734896664 0.0060957447262409816 -0.0018412067552557592
leaf_weight=197 39 77 44 32 127 51 333
leaf_count=197 39 77 44 32 127 51 333
internal_value=-0.000444445 -0.000641696 -5.96046e-10 0.00342105 -0.00080247 -0.00119848 -0.000937501
internal_weight=900 861 400 76 324 461 384
internal_count=900 861 400 76 324 461 384
is_linear=0
shrinkage=0.05


Tree=47
num_leaves=8
num_cat=0
split_feature=0 0 1 0 0 1 0
split_gain=0.309229 0.12305 0.439246 0.172847 0.142031 0.0626356 0.130918
threshold=0.72377146229857081 0.58087639531556545 0.58324386251320937 0.57262940457065103 0.53794693496047297 0.61073729189183779 0.60569393002292282
decision_type=2 2 2 2 2 2 2
left_child=1 2 4 -4 -1 -3 -7
right_child=-2 5 3 -5 -6 6 -8
leaf_value=-0.00025059755377767056 0.002102627657369305 -0.0032972532282533997 0.0032800198026323294 0.00072954826432634077 -0.0047461824948151826 0.0057909574899289336 -0.0017491464174929699
leaf_weight=197 39 77 44 32 127 51 333
leaf_count=197 39 77 44 32 127 51 333
internal_value=-0.000444445 -0.000641696 -5.96046e-10 0.00342105 -0.00080247 -0.00119848 -0.000937501
internal_weight=900 861 400 76 324 461 384
internal_count=900 861 400 76 324 461 384
is_linear=0
shrinkage=0.05


Tree=48
num_leaves=8
num_cat=0
split_feature=0 0 1 0 0 1 0
split_gain=0.309229 0.0797796 0.313062 0.142031 0.101077 0.0735098 0.116865
threshold=0.72377146229857081 0.58087639531556545 0.58324386251320937 0.53794693496047297 0.57262940457065103 0.61073729189183779 0.60569393002292282
decision_type=2 2 2 2 2 2 2
left_child=1 2 3 -1 -4 -3 -7
right_child=-2 5 4 -5 -6 6 -8
leaf_value=-0.00023806767608878788 0.0019974962745008431 -0.0031323905668407316 0.0031160188125007107 -0.0045088733700744234 0.00069307085111002258 0.005501409615432485 -0.0016616890966183189
leaf_weight=197 39 77 44 127 32 51 333
leaf_count=197 39 77 44 127 32 51 333
internal_value=-0.000444445 -0.000641696 -0.000125001 -0.00080247 0.00276316 -0.00109002 -0.000807292
internal_weight=900 861 400 324 76 461 384
internal_count=900 861 400 324 76 461 384
is_linear=0
shrinkage=0.05


Tree=49
num_leaves=6
num_cat=0
split_feature=0 1 1 0 0
split_gain=0.30139 0.0796361 0.101279 0.341414 0.12375
threshold=0.72377146229857081 0.71078262082856114 0.66650100442737326 0.66993913421827822 0.58087639531556545
decision_type=2 2 2 2 2
left_child=1 2 4 -4 -1
right_child=-2 -3 3 -5 -6
leaf_value=-0.00043631009006821924 0.0018976214607758003 -0.0045095573138497049 0.0037564348199431857 -0.0035515746363925654 -0.0016120423422884451
leaf_weight=392 39 51 44 55 319
leaf_count=392 39 51 44 55 319
internal_value=-0.000388889 -0.000583624 -0.000462964 0.00103535 -0.00067159
internal_weight=900 861 810 99 711
internal_count=900 861 810 99 711
is_linear=0
shrinkage=0.05


Tree=50
num_leaves=8
num_cat=0
split_feature=0 0 1 0 1 0 0
split_gain=0.309229 0.0879209 0.195802 0.12941 0.0544984 0.102967 0.0401371
threshold=0.72377146229857081 0.60645645924628155 0.60849958901343504 0.55020908388281853 0.63604471916556415 0.63408857621495496 0.59736728114878235
decision_type=2 2 2 2 2 2 2
left_child=1 2 3 -1 -3 -6 -4
right_child=-2 4 6 -5 5 -7 -8
leaf_value=0.0001877449577768856 0.0018027403877370119 -0.0020204049709281204 0.0037519948440397719 -0.0029572482647948466 0.0017115526269182542 -0.0019191323102377145 5.7779548489440598e-06
leaf_weight=246 39 72 34 210 59 198 42
leaf_count=246 39 72 34 210 59 198 42
internal_value=-0.000444445 -0.000641696 -0.000244361 -0.000635966 -0.0012842 -0.00094358 0.00210526
internal_weight=900 861 532 456 329 257 76
internal_count=900 861 532 456 329 257 76
is_linear=0
shrinkage=0.05


Tree=51
num_leaves=6
num_cat=0
split_feature=0 1 0 1 1
split_gain=0.30139 0.0796361 0.0517673 0.442638 0.117226
threshold=0.72377146229857081 0.71078262082856114 0.55020908388281853 0.55820445292710352 0.58324386251320937
decision_type=2 2 2 2 2
left_child=1 2 3 -1 -4
right_child=-2 -3 4 -5 -6
leaf_value=-0.0026330866165531208 0.0017126033683501629 -0.0041881228326453362 -0.0041008920416150179 0.0038100984529057568 -0.001022129141564657
leaf_weight=216 39 51 80 30 484
leaf_count=216 39 51 80 30 484
internal_value=-0.000388889 -0.000583624 -0.000462964 0.000142276 -0.000726951
internal_weight=900 861 810 246 564
internal_count=900 861 810 246 564
is_linear=0
shrinkage=0.05


Tree=52
num_leaves=6
num_cat=0
split_feature=0 1 0 1 1
split_gain=0.30139 0.0796361 0.0517673 0.442638 0.117226
threshold=0.72377146229857081 0.71078262082856114 0.55020908388281853 0.55820445292710352 0.58324386251320937
decision_type=2 2 2 2 2
left_child=1 2 3 -1 -4
right_child=-2 -3 4 -5 -6
leaf_value=-0.0025014322857254637 0.0016269731999326575 -0.0039787166910130681 -0.0038958474395342671 0.0036195935302604692 -0.00097102268448642543
leaf_weight=216 39 51 80 30 484
leaf_count=216 39 51 80 30 484
internal_value=-0.000388889 -0.000583624 -0.000462964 0.000142276 -0.000726951
internal_weight=900 861 810 246 564
internal_count=900 861 810 246 564
is_linear=0
shrinkage=0.05


Tree=53
num_leaves=6
num_cat=0
split_feature=0 1 0 1 1
split_gain=0.30139 0.0796361 0.0517673 0.442638 0.117226
threshold=0.72377146229857081 0.71078262082856114 0.55020908388281853 0.55820445292710352 0.58324386251320937
decision_type=2 2 2 2 2
left_child=1 2 3 -1 -4
right_child=-2 -3 4 -5 -6
leaf_value=-0.002376360671439193 0.0015456245399360303 -0.003779780856462417 -0.0037010550675575515 0.0034386138537474452 -0.00092247155026210824
leaf_weight=216 39 51 80 30 484
leaf_count=216 39 51 80 30 484
internal_value=-0.000388889 -0.000583624 -0.000462964 0.000142276 -0.000726951
internal_weight=900 861 810 246 564
internal_count=900 861 810 246 564
is_linear=0
shrinkage=0.05


Tree=54
num_leaves=5
num_cat=0
split_feature=0 1 0 1
split_gain=0.30139 0.0796361 0.0493867 0.100562
threshold=0.72377146229857081 0.71078262082856114 0.47411334966051039 0.52380723204672308
decision_type=2 2 2 2
left_child=1 2 -1 -4
right_child=-2 -3 3 -5
leaf_value=0.0037735304366068676 0.0014683433129392244 -0.0035907918136392938 -0.0081545070255543972 -0.00069103831815038944
leaf_weight=40 39 51 61 709
leaf_count=40 39 51 61 709
internal_value=-0.000388889 -0.000583624 -0.000462964 -0.000551949
internal_weight=900 861 810 770
internal_count=900 861 810 770
is_linear=0
shrinkage=0.05


Tree=55
num_leaves=6
num_cat=0
split_feature=0 0 1 0 0
split_gain=0.143021 0.0931968 0.229043 0.10534 0.0148883
threshold=0.72377146229857081 0.66993913421827822 0.66650100442737326 0.63408857621495496 0.69491641360216472
decision_type=2 2 2 2 2
left_child=1 2 3 -1 -3
right_child=-2 4 -4 -5 -6
leaf_value=-0.00095410848358046274 0.0013949261472922638 -0.0023775738677542508 0.0026391375224878223 -0.0027284081721966613 -0.0042811885872571119
leaf_weight=649 39 54 57 62 39
leaf_count=649 39 54 57 62 39
internal_value=-0.000333334 -0.00046748 -0.000286459 -0.000530943 -0.00196237
internal_weight=900 861 768 711 93
internal_count=900 861 768 711 93
is_linear=0
shrinkage=0.05


Tree=56
num_leaves=6
num_cat=0
split_feature=0 0 1 0 0
split_gain=0.148437 0.0860966 0.1233 0.10534 0.0148883
threshold=0.72377146229857081 0.66993913421827822 0.66650100442737326 0.63408857621495496 0.69491641360216472
decision_type=2 2 2 2 2
left_child=1 2 3 -1 -3
right_child=-2 4 -4 -5 -6
leaf_value=-0.00090640305940143957 0.0013251798399276484 -0.0022586951743665366 0.0025071806463634275 -0.0025919877635868283 -0.0040671291578942559
leaf_weight=649 39 54 57 62 39
leaf_count=649 39 54 57 62 39
internal_value=-0.000388889 -0.000525552 -0.000351563 -0.000530943 -0.00196237
internal_weight=900 861 768 711 93
internal_count=900 861 768 711 93
is_linear=0
shrinkage=0.05


Tree=57
num_leaves=7
num_cat=0
split_feature=0 0 1 0 1 1
split_gain=0.153954 0.0881227 0.375418 0.117519 0.0606664 0.0472231
threshold=0.72377146229857081 0.62046888934734301 0.63282833507244829 0.58087639531556545 0.64078830360703576 0.66650100442737326
decision_type=2 2 2 2 2 2
left_child=1 2 3 -1 -3 -6
right_child=-2 4 -4 -5 5 -7
leaf_value=-1.5230224883294668e-05 0.0012589208479312664 0.0026054236173874801 0.0023675301798892039 -0.0019330090123520485 -0.0028448717061654084 -0.00035006183066901841
leaf_weight=392 39 31 34 174 93 137
leaf_count=392 39 31 34 174 93 137
internal_value=-0.000444445 -0.000583624 -0.000250001 -0.000556538 -0.00135058 -0.00163044
internal_weight=900 861 600 566 261 230
internal_count=900 861 600 566 261 230
is_linear=0
shrinkage=0.05


Tree=58
num_leaves=5
num_cat=0
split_feature=0 1 0 1
split_gain=0.153954 0.0796361 0.0493867 0.100562
threshold=0.72377146229857081 0.71078262082856114 0.47411334966051039 0.52380723204672308
decision_type=2 2 2 2
left_child=1 2 -1 -4
right_child=-2 -3 3 -5
leaf_value=0.0036786410031697833 0.0011959748055347054 -0.0030782229720593838 -0.0076529945858834162 -0.00048531638785232097
leaf_weight=40 39 51 61 709
leaf_count=40 39 51 61 709
internal_value=-0.000444445 -0.000583624 -0.000462964 -0.000551949
internal_weight=900 861 810 770
internal_count=900 861 810 770
is_linear=0
shrinkage=0.05


Tree=59
num_leaves=6
num_cat=0
split_feature=0 0 1 0 0
split_gain=0.143021 0.0931968 0.116229 0.112999 0.0148883
threshold=0.72377146229857081 0.66993913421827822 0.66650100442737326 0.63408857621495496 0.69491641360216472
decision_type=2 2 2 2 2
left_child=1 2 3 -1 -3
right_child=-2 4 -4 -5 -6
leaf_value=-0.00086658922915330394 0.0011361760652579655 -0.0020586157214096388 0.0023964146955751681 -0.0022958789707065996 -0.0036923584598631265
leaf_weight=649 39 54 57 62 39
leaf_count=649 39 54 57 62 39
internal_value=-0.000333334 -0.00046748 -0.000286459 -0.000460619 -0.00196237
internal_weight=900 861 768 711 93
internal_count=900 861 768 711 93
is_linear=0
shrinkage=0.05


Tree=60
num_leaves=7
num_cat=0
split_feature=0 0 1 0 1 1
split_gain=0.143021 0.116833 0.351295 0.159056 0.0606664 0.0472231
threshold=0.72377146229857081 0.62046888934734301 0.63282833507244829 0.58087639531556545 0.64078830360703576 0.66650100442737326
decision_type=2 2 2 2 2 2
left_child=1 2 3 -1 -3 -6
right_child=-2 4 -4 -5 5 -7
leaf_value=5.312656721115062e-05 0.0010793672619950679 0.0025427477173683866 0.0022596464472440466 -0.001768763280884166 -0.0025635683529291911 -0.00038666191384264772
leaf_weight=392 39 31 34 174 93 137
leaf_count=392 39 31 34 174 93 137
internal_value=-0.000333334 -0.00046748 -8.33339e-05 -0.000379859 -0.00135058 -0.00163044
internal_weight=900 861 600 566 261 230
internal_count=900 861 600 566 261 230
is_linear=0
shrinkage=0.05


Tree=61
num_leaves=8
num_cat=0
split_feature=0 0 1 0 0 1 0
split_gain=0.148437 0.12647 0.407734 0.177643 0.172847 0.0735098 0.20897
threshold=0.72377146229857081 0.58087639531556545 0.58324386251320937 0.53794693496047297 0.57262940457065103 0.61073729189183779 0.60645645924628155
decision_type=2 2 2 2 2 2 2
left_child=1 2 3 -1 -4 -3 -7
right_child=-2 5 4 -5 -6 6 -8
leaf_value=0.00035508589980661203 0.0010253988988953133 -0.0022212639507601605 0.0026991566503176347 -0.0033355840996017018 0.0011671543519038376 0.0047974074811994172 -0.0010822213697911532
leaf_weight=197 39 77 44 127 32 55 329
leaf_count=197 39 77 44 127 32 55 329
internal_value=-0.000388889 -0.000525552 0.000124999 -0.000648149 0.00342105 -0.00109002 -0.000807292
internal_weight=900 861 400 324 76 461 384
internal_count=900 861 400 324 76 461 384
is_linear=0
shrinkage=0.05


Tree=62
num_leaves=8
num_cat=0
split_feature=0 0 1 0 0 1 0
split_gain=0.153954 0.101786 0.28655 0.177643 0.101077 0.0735098 0.116865
threshold=0.72377146229857081 0.58087639531556545 0.58324386251320937 0.53794693496047297 0.57262940457065103 0.61073729189183779 0.60569393002292282
decision_type=2 2 2 2 2 2 2
left_child=1 2 3 -1 -4 -3 -7
right_child=-2 5 4 -5 -6 6 -8
leaf_value=0.00033733160481628225 0.00097412895395054822 -0.0021102007532221522 0.002564198817801754 -0.0031688048946216189 0.0011087966343086453 0.0053929307648860926 -0.0008590562050330465
leaf_weight=197 39 77 44 127 32 51 333
leaf_count=197 39 77 44 127 32 51 333
internal_value=-0.000444445 -0.000583624 -5.96046e-10 -0.000648149 0.00276316 -0.00109002 -0.000807292
internal_weight=900 861 400 324 76 461 384
internal_count=900 861 400 324 76 461 384
is_linear=0
shrinkage=0.05


Tree=63
num_leaves=9
num_cat=0
split_feature=0 0 1 1 0 0 0 1
split_gain=0.148437 0.0823831 0.253612 0.0917317 0.167516 0.0711111 0.0571429 0.0237111
threshold=0.72377146229857081 0.54071806234852648 0.52380723204672308 0.58324386251320937 0.57262940457065103 0.47210282998746428 0.51959970450616566 0.56206603929328514
decision_type=2 2 2 2 2 2 2 2
left_child=1 2 5 7 -5 -1 -4 -3
right_child=-2 3 6 4 -6 -7 -8 -9
leaf_value=0.00019435065873299288 0.00092542250625302644 -0.0065545370206701262 0.0044139099220819825 0.0020956887916000035 -0.00087331168102524497 -0.0072943597219139516 0.0020404346419276784 -0.003009202347955842
leaf_weight=36 39 31 32 39 493 64 80 86
leaf_count=36 39 31 32 39 493 64 80 86
internal_value=-0.000388889 -0.000525552 0.000330188 -0.000805085 -0.000526316 -0.0015 0.00196429 -0.00207265
internal_weight=900 861 212 649 532 100 112 117
internal_count=900 861 212 649 532 100 112 117
is_linear=0
shrinkage=0.05


Tree=64
num_leaves=5
num_cat=0
split_feature=0 0 1 0
split_gain=0.148437 0.0585873 0.107593 0.074239
threshold=0.72377146229857081 0.69640320753820795 0.70307598563437068 0.66711835093752458
decision_type=2 2 2 2
left_child=1 2 3 -1
right_child=-2 -3 -4 -5
leaf_value=-0.00049823491262481704 0.0008791513809403795 -0.0037486667937571272 0.0023743690282633924 -0.0044391055053137956
leaf_weight=749 39 36 30 46
leaf_count=749 39 36 30 46
internal_value=-0.000388889 -0.000525552 -0.000439395 -0.000550315
internal_weight=900 861 825 795
internal_count=900 861 825 795
is_linear=0
shrinkage=0.05


Tree=65
num_leaves=6
num_cat=0
split_feature=0 1 1 0 0
split_gain=0.153954 0.0796361 0.0497821 0.217698 0.0807341
threshold=0.72377146229857081 0.71078262082856114 0.65009778244971805 0.64427314792513946 0.58087639531556545
decision_type=2 2 2 2 2
left_child=1 2 4 -4 -1
right_child=-2 -3 3 -5 -6
leaf_value=-0.00021699440537557171 0.00083519381189336441 -0.0025861176974726614 0.0026822592453630161 -0.0006438660808899062 -0.0014466935144125947
leaf_weight=392 39 51 30 129 259
leaf_count=392 39 51 30 129 259
internal_value=-0.000444445 -0.000583624 -0.000462964 0.000330188 -0.000656683
internal_weight=900 861 810 159 651
internal_count=900 861 810 159 651
is_linear=0
shrinkage=0.05


Tree=66
num_leaves=5
num_cat=0
split_feature=0 0 1 0
split_gain=0.153954 0.0564158 0.0879864 0.138129
threshold=0.72377146229857081 0.47411334966051039 0.52380723204672308 0.54071806234852648
decision_type=2 2 2 2
left_child=1 -1 -3 -4
right_child=-2 2 3 -5
leaf_value=0.0035268051438406252 0.0007934341212986973 -0.0068638131467275657 0.0022137540755333665 -0.00097155851256709367
leaf_weight=40 39 61 111 649
leaf_count=40 39 61 111 649
internal_value=-0.000444445 -0.000583624 -0.00067296 -0.000526316
internal_weight=900 861 821 760
internal_count=900 861 821 760
is_linear=0
shrinkage=0.05


Tree=67
num_leaves=5
num_cat=0
split_feature=0 0 1 0
split_gain=0.052283 0.0585873 0.107593 0.074239
threshold=0.72377146229857081 0.69640320753820795 0.70307598563437068 0.66711835093752458
decision_type=2 2 2 2
left_child=1 2 3 -1
right_child=-2 -3 -4 -5
leaf_value=-0.00037649503071548421 0.00075376241523376084 -0.0033833496435672797 0.0023801225014686784 -0.004136379000375251
leaf_weight=749 39 36 30 46
leaf_count=749 39 36 30 46
internal_value=-0.000444445 -0.000525552 -0.000439395 -0.000550315
internal_weight=900 861 825 795
internal_count=900 861 825 795
is_linear=0
shrinkage=0.05


Tree=68
num_leaves=5
num_cat=0
split_feature=0 0 1 0
split_gain=0.052283 0.0585873 0.107593 0.074239
threshold=0.72377146229857081 0.69640320753820795 0.70307598563437068 0.66711835093752458
decision_type=2 2 2 2
left_child=1 2 3 -1
right_child=-2 -3 -4 -5
leaf_value=-0.00035767027917971107 0.00071607429447206883 -0.0032141821613889177 0.0022611163763952471 -0.0039295600503564902
leaf_weight=749 39 36 30 46
leaf_count=749 39 36 30 46
internal_value=-0.000444445 -0.000525552 -0.000439395 -0.000550315
internal_weight=900 861 825 795
internal_count=900 861 825 795
is_linear=0
shrinkage=0.05


Tree=69
num_leaves=6
num_cat=0
split_feature=0 1 1 0 0
split_gain=0.0555776 0.0796361 0.0497821 0.217698 0.0807341
threshold=0.72377146229857081 0.71078262082856114 0.65009778244971805 0.64427314792513946 0.58087639531556545
decision_type=2 2 2 2 2
left_child=1 2 4 -4 -1
right_child=-2 -3 3 -5 -6
leaf_value=-0.00016151709941563308 0.00068027057974846545 -0.0022947436831807135 0.0026334324742179776 -0.0005263865857222977 -0.0012890726475688508
leaf_weight=392 39 51 30 129 259
leaf_count=392 39 51 30 129 259
internal_value=-0.000500001 -0.000583624 -0.000462964 0.000330188 -0.000656683
internal_weight=900 861 810 159 651
internal_count=900 861 810 159 651
is_linear=0
shrinkage=0.05


Tree=70
num_leaves=11
num_cat=0
split_feature=1 0 0 1 0 1 0 1 0 0
split_gain=0.0698741 0.180761 0.113655 0.309721 0.121134 0.104724 0.0324142 0.0285098 0.0822645 0.0236081
threshold=0.66650100442737326 0.66993913421827822 0.60645645924628155 0.60849958901343504 0.54071806234852648 0.70601705525831349 0.5997151743879513 0.63604471916556415 0.63408857621495496 0.72377146229857081
decision_type=2 2 2 2 2 2 2 2 2 2
left_child=2 -2 3 4 -1 -3 -5 -4 -9 -7
right_child=1 5 7 6 -6 9 -8 8 -10 -11
leaf_value=0.00082184409700839238 0.0025140448667149993 -0.0035692264177903834 -0.0012405757294952635 0.0040698194393945812 -0.0017314046189153055 -0.001571796987511022 0.0028823888521960286 0.00024666599837621652 -0.001753748969446184 0.00064625705076104545
leaf_weight=208 57 47 72 30 248 46 34 57 62 39
leaf_count=208 57 47 72 30 248 46 34 57 62 39
internal_value=-0.000444445 0.000410052 -0.00067159 -0.000288462 -0.000745615 -0.000606061 0.00296875 -0.00171466 -0.0012395 0.000441176
internal_weight=900 189 711 520 456 132 64 191 119 85
internal_count=900 189 711 520 456 132 64 191 119 85
is_linear=0
shrinkage=0.05


Tree=71
num_leaves=5
num_cat=0
split_feature=0 0 1 0
split_gain=0.052283 0.0585873 0.107593 0.0770691
threshold=0.72377146229857081 0.69640320753820795 0.70307598563437068 0.60645645924628155
decision_type=2 2 2 2
left_child=1 2 3 -1
right_child=-2 -3 -4 -5
leaf_value=-0.00024748139142405341 0.0006139441982229932 -0.0028601460197848873 0.0021803972211306122 -0.00090952252550367992
leaf_weight=520 39 36 30 275
leaf_count=520 39 36 30 275
internal_value=-0.000444445 -0.000525552 -0.000439395 -0.000550315
internal_weight=900 861 825 795
internal_count=900 861 825 795
is_linear=0
shrinkage=0.05


Tree=72
num_leaves=5
num_cat=0
split_feature=0 1 0 1
split_gain=0.0555776 0.0796361 0.0493867 0.100562
threshold=0.72377146229857081 0.71078262082856114 0.47411334966051039 0.52380723204672308
decision_type=2 2 2 2
left_child=1 2 -1 -4
right_child=-2 -3 3 -5
leaf_value=0.0033665308718349137 0.00058324698831184745 -0.0020844227794598771 -0.006504556504204867 -0.00019184016613403831
leaf_weight=40 39 51 61 709
leaf_count=40 39 51 61 709
internal_value=-0.000500001 -0.000583624 -0.000462964 -0.000551949
internal_weight=900 861 810 770
internal_count=900 861 810 770
is_linear=0
shrinkage=0.05


Tree=73
num_leaves=5
num_cat=0
split_feature=0 0 1 0
split_gain=0.052283 0.0585873 0.107593 0.0770691
threshold=0.72377146229857081 0.69640320753820795 0.70307598563437068 0.60645645924628155
decision_type=2 2 2 2
left_child=1 2 3 -1
right_child=-2 -3 -4 -5
leaf_value=-0.00022551531354614822 0.00055408463889625723 -0.0026129175798226493 0.0021235525098945648 -0.00085445439092179292
leaf_weight=520 39 36 30 275
leaf_count=520 39 36 30 275
internal_value=-0.000444445 -0.000525552 -0.000439395 -0.000550315
internal_weight=900 861 825 795
internal_count=900 861 825 795
is_linear=0
shrinkage=0.05


Tree=74
num_leaves=6
num_cat=0
split_feature=0 0 1 0 0
split_gain=0.052283 0.0860966 0.1233 0.10534 0.0148883
threshold=0.72377146229857081 0.66993913421827822 0.66650100442737326 0.63408857621495496 0.69491641360216472
decision_type=2 2 2 2 2
left_child=1 2 3 -1 -3
right_child=-2 4 -4 -5 -6
leaf_value=-0.00066160711748925968 0.00052638040695144326 -0.0020033556512656413 0.0024861334775072193 -0.0015682706668459002 -0.0020812828854597566
leaf_weight=649 39 54 57 62 39
leaf_count=649 39 54 57 62 39
internal_value=-0.000444445 -0.000525552 -0.000351563 -0.000530943 -0.00196237
internal_weight=900 861 768 711 93
internal_count=900 861 768 711 93
is_linear=0
shrinkage=0.05


Tree=75
num_leaves=7
num_cat=0
split_feature=1 0 0 1 0 0
split_gain=0.0555556 0.213333 0.0711111 0.0640264 0.398331 0.120765
threshold=0.52380723204672308 0.51959970450616566 0.47210282998746428 0.58324386251320937 0.57262940457065103 0.53794693496047297
decision_type=2 2 2 2 2 2
left_child=2 -2 -1 5 -5 -3
right_child=1 3 -4 4 -6 -7
leaf_value=-6.3850102349318277e-05 0.0041883023031460296 0.0014045786015534868 -0.0061650396806335163 0.0023652073337158165 -0.00042327037492416377 -0.0025778885901233898
leaf_weight=36 32 66 64 43 532 127
leaf_count=36 32 66 64 43 532 127
internal_value=-0.000388889 -0.000250001 -0.0015 -0.000416667 -0.000152175 -0.00120466
internal_weight=900 800 100 768 575 193
internal_count=900 800 100 768 575 193
is_linear=0
shrinkage=0.05


Tree=76
num_leaves=11
num_cat=0
split_feature=1 0 1 0 0 1 0 0 0 0
split_gain=0.0674968 0.173681 0.0916567 0.147112 0.0807341 0.267514 0.142031 0.0988562 0.0602116 0.0558088
threshold=0.65009778244971805 0.64010565801554231 0.66484037025029663 0.66993913421827822 0.58087639531556545 0.58324386251320937 0.53794693496047297 0.57262940457065103 0.6266071455640837 0.60645645924628155
decision_type=2 2 2 2 2 2 2 2 2 2
left_child=4 -2 -3 -4 5 6 -1 -7 9 -6
right_child=1 2 3 -5 8 7 -8 -9 -10 -11
leaf_value=9.1730852242391707e-05 0.0023346452354406802 -0.0012749111686177089 0.0013509449083336871 -0.0010396885842897858 -0.001055648668900402 0.0028466188213139669 -0.0024489941606172187 0.001400201847760041 0.0031185797854841931 -0.0010995836340330523
leaf_weight=197 32 36 49 132 127 36 127 32 31 101
leaf_count=197 32 36 49 132 127 36 127 32 31 101
internal_value=-0.000388889 0.000311244 -0.000195853 0.00026243 -0.000656683 -0.000204082 -0.00080247 0.00264706 -0.0013417 -0.00162281
internal_weight=900 249 217 181 651 392 324 68 259 228
internal_count=900 249 217 181 651 392 324 68 259 228
is_linear=0
shrinkage=0.05


Tree=77
num_leaves=5
num_cat=0
split_feature=0 0 1 0
split_gain=0.052283 0.0585873 0.107593 0.074239
threshold=0.72377146229857081 0.69640320753820795 0.70307598563437068 0.66711835093752458
decision_type=2 2 2 2
left_child=1 2 3 -1
right_child=-2 -3 -4 -5
leaf_value=-0.00022544254854166992 0.00057320933456456169 -0.0023050596085978313 0.0020014873617607179 -0.0032571948130110718
leaf_weight=749 39 36 30 46
leaf_count=749 39 36 30 46
internal_value=-0.000444445 -0.000525552 -0.000439395 -0.000550315
internal_weight=900 861 825 795
internal_count=900 861 825 795
is_linear=0
shrinkage=0.05


Tree=78
num_leaves=5
num_cat=0
split_feature=0 0 1 0
split_gain=0.052283 0.0585873 0.107593 0.074239
threshold=0.72377146229857081 0.69640320753820795 0.70307598563437068 0.66711835093752458
decision_type=2 2 2 2
left_child=1 2 3 -1
right_child=-2 -3 -4 -5
leaf_value=-0.0002141704211145833 0.00054454886783633638 -0.0021898066281679398 0.0019014129936726827 -0.0030943350723605157
leaf_weight=749 39 36 30 46
leaf_count=749 39 36 30 46
internal_value=-0.000444445 -0.000525552 -0.000439395 -0.000550315
internal_weight=900 861 825 795
internal_count=900 861 825 795
is_linear=0
shrinkage=0.05


Tree=79
num_leaves=6
num_cat=0
split_feature=0 1 1 0 0
split_gain=0.0555776 0.0796361 0.0566445 0.198527 0.0971797
threshold=0.72377146229857081 0.71078262082856114 0.66300319706451416 0.66993913421827822 0.60645645924628155
decision_type=2 2 2 2 2
left_child=1 2 4 -4 -1
right_child=-2 -3 3 -5 -6
leaf_value=-0.0002550816997966077 0.00051732142444451681 -0.0017779040794105026 0.0022299912280513757 -0.0025198473667016109 -0.001006376443551793
leaf_weight=520 39 51 59 55 176
leaf_count=520 39 51 59 55 176
internal_value=-0.000500001 -0.000583624 -0.000462964 0.000570175 -0.000632185
internal_weight=900 861 810 114 696
internal_count=900 861 810 114 696
is_linear=0
shrinkage=0.05


Tree=80
num_leaves=5
num_cat=0
split_feature=0 0 1 0
split_gain=0.0555776 0.0564158 0.0879864 0.138129
threshold=0.72377146229857081 0.47411334966051039 0.52380723204672308 0.54071806234852648
decision_type=2 2 2 2
left_child=1 -1 -3 -4
right_child=-2 2 3 -5
leaf_value=0.0032759011457729331 0.00049145535322229204 -0.0057965723825506472 0.0020401120736617453 -0.00075026913684398235
leaf_weight=40 39 61 111 649
leaf_count=40 39 61 111 649
internal_value=-0.000500001 -0.000583624 -0.00067296 -0.000526316
internal_weight=900 861 821 760
internal_count=900 861 821 760
is_linear=0
shrinkage=0.05


Tree=81
num_leaves=7
num_cat=0
split_feature=1 0 0 1 0 0
split_gain=0.0555556 0.213333 0.0711111 0.0669098 0.222978 0.117789
threshold=0.52380723204672308 0.51959970450616566 0.47210282998746428 0.60849958901343504 0.6081229627810617 0.54071806234852648
decision_type=2 2 2 2 2 2
left_child=2 -2 -1 5 -5 -3
right_child=1 3 -4 4 -6 -7
leaf_value=-0.00019430446365997398 0.0039070297751661659 0.0018341194299547033 -0.0055368108866137855 0.0031520508884594514 -0.00067923794553779635 -0.0014323180460337926
leaf_weight=36 32 77 64 83 360 248
leaf_count=36 32 77 64 83 360 248
internal_value=-0.000388889 -0.000250001 -0.0015 -0.000416667 -1.69306e-05 -0.000961539
internal_weight=900 800 100 768 443 325
internal_count=900 800 100 768 443 325
is_linear=0
shrinkage=0.05


Tree=82
num_leaves=7
num_cat=0
split_feature=1 0 1 0 0 0
split_gain=0.06125 0.206719 0.0770029 0.317248 0.115608 0.0711111
threshold=0.52380723204672308 0.51959970450616566 0.60819950863162064 0.59736728114878235 0.54071806234852648 0.47210282998746428
decision_type=2 2 2 2 2 2
left_child=5 -2 4 -4 -3 -1
right_child=1 2 3 -5 -6 -7
leaf_value=-0.00018458924047697509 0.0037116782864078548 0.0017424134584569679 0.0034825334107457338 -0.00023857380748353252 -0.0013980390104813723 -0.0052599703422830935
leaf_weight=36 32 77 35 412 244 64
leaf_count=36 32 77 35 412 244 64
internal_value=-0.000333334 -0.000187501 -0.000351563 7.27063e-05 -0.000942368 -0.0015
internal_weight=900 800 768 447 321 100
internal_count=900 800 768 447 321 100
is_linear=0
shrinkage=0.05


Tree=83
num_leaves=7
num_cat=0
split_feature=1 0 1 0 0 0
split_gain=0.06125 0.206719 0.0750432 0.383505 0.120765 0.0711111
threshold=0.52380723204672308 0.51959970450616566 0.58324386251320937 0.57262940457065103 0.53794693496047297 0.47210282998746428
decision_type=2 2 2 2 2 2
left_child=5 -2 4 -4 -3 -1
right_child=1 2 3 -5 -6 -7
leaf_value=-0.00017535977845312863 0.0035260943720874629 0.0010836656142326662 0.0018571801536310169 -0.00045201799866033973 -0.002112778409445759 -0.0049969718251689395
leaf_weight=36 32 66 43 532 127 64
leaf_count=36 32 66 43 532 127 64
internal_value=-0.000333334 -0.000187501 -0.000351563 -6.5218e-05 -0.00120466 -0.0015
internal_weight=900 800 768 575 193 100
internal_count=900 800 768 575 193 100
is_linear=0
shrinkage=0.05


Tree=84
num_leaves=12
num_cat=0
split_feature=1 0 1 0 1 0 0 0 0 0 0
split_gain=0.0674968 0.239591 0.10125 0.0807341 0.267514 0.142031 0.0988562 0.0602116 0.0558088 0.0535898 0.0441016
threshold=0.65009778244971805 0.6436574475372886 0.70601705525831349 0.58087639531556545 0.58324386251320937 0.53794693496047297 0.57262940457065103 0.6266071455640837 0.60645645924628155 0.66711835093752458 0.70654695799508571
decision_type=2 2 2 2 2 2 2 2 2 2 2
left_child=3 -2 9 4 5 -1 -6 8 -5 -3 -4
right_child=1 2 10 7 6 -7 -8 -9 -10 -11 -12
leaf_value=-0.00027798176745803208 0.0018273808908017344 -0.00010429838099128053 0.001891025440708507 -0.00091754371560318418 0.0023619854860161258 -0.0020071394889734696 0.0015665586984456581 0.0031409552112966637 -0.00087868885404799354 -0.0025971601215634636 -9.0198916026018594e-05
leaf_weight=197 39 71 30 127 36 127 32 31 101 52 57
leaf_count=197 39 71 30 127 36 127 32 31 101 52 57
internal_value=-0.000388889 0.000311244 -0.000357143 -0.000656683 -0.000204082 -0.00080247 0.00264706 -0.0013417 -0.00162281 -0.00128049 0.000948275
internal_weight=900 249 210 651 392 324 68 259 228 123 87
internal_count=900 249 210 651 392 324 68 259 228 123 87
is_linear=0
shrinkage=0.05


Tree=85
num_leaves=5
num_cat=0
split_feature=0 0 1 0
split_gain=0.052283 0.0585873 0.107593 0.074239
threshold=0.72377146229857081 0.69640320753820795 0.70307598563437068 0.66711835093752458
decision_type=2 2 2 2
left_child=1 2 3 -1
right_child=-2 -3 -4 -5
leaf_value=-0.00035311764271595545 0.00053988401894655702 -0.0019552021572705447 0.0017964741686730811 -0.0025777629999029551
leaf_weight=749 39 36 30 46
leaf_count=749 39 36 30 46
internal_value=-0.000444445 -0.000525552 -0.000439395 -0.000550315
internal_weight=900 861 825 795
internal_count=900 861 825 795
is_linear=0
shrinkage=0.05


Tree=86
num_leaves=6
num_cat=0
split_feature=0 1 1 0 0
split_gain=0.0555776 0.0796361 0.0497821 0.217698 0.0807341
threshold=0.72377146229857081 0.71078262082856114 0.65009778244971805 0.64427314792513946 0.58087639531556545
decision_type=2 2 2 2 2
left_child=1 2 4 -4 -1
right_child=-2 -3 3 -5 -6
leaf_value=-0.00036306208842028362 0.00051288981799922921 -0.0016240565652695807 0.0023914055235804053 -0.00048973230998823657 -0.00079641507236503657
leaf_weight=392 39 51 30 129 259
leaf_count=392 39 51 30 129 259
internal_value=-0.000500001 -0.000583624 -0.000462964 0.000330188 -0.000656683
internal_weight=900 861 810 159 651
internal_count=900 861 810 159 651
is_linear=0
shrinkage=0.05


Tree=87
num_leaves=7
num_cat=0
split_feature=1 0 0 1 0 0
split_gain=0.0555556 0.213333 0.0711111 0.0669098 0.222978 0.117789
threshold=0.52380723204672308 0.51959970450616566 0.47210282998746428 0.60849958901343504 0.6081229627810617 0.54071806234852648
decision_type=2 2 2 2 2 2
left_child=2 -2 -1 5 -5 -3
right_child=1 3 -4 4 -6 -7
leaf_value=-0.00011688371460075349 0.0033994977284128036 0.0016166829164525989 -0.0046974151589807781 0.0029161656989430892 -0.0004709990512930566 -0.0012124921966727674
leaf_weight=36 32 77 64 83 360 248
leaf_count=36 32 77 64 83 360 248
internal_value=-0.000388889 -0.000250001 -0.0015 -0.000416667 -1.69306e-05 -0.000961539
internal_weight=900 800 100 768 443 325
internal_count=900 800 100 768 443 325
is_linear=0
shrinkage=0.05


Tree=88
num_leaves=7
num_cat=0
split_feature=1 0 0 1 0 0
split_gain=0.0555556 0.213333 0.0711111 0.0640264 0.223344 0.120765
threshold=0.52380723204672308 0.51959970450616566 0.47210282998746428 0.58324386251320937 0.57262940457065103 0.53794693496047297
decision_type=2 2 2 2 2 2
left_child=2 -2 -1 5 -5 -3
right_child=1 3 -4 4 -6 -7
leaf_value=-0.0001110395288707173 0.0032295228419921608 0.00099835626262812058 -0.004462544401031737 0.0016025581223221238 -0.00036668350887067631 -0.001810348918134347
leaf_weight=36 32 66 64 43 532 127
leaf_count=36 32 66 64 43 532 127
internal_value=-0.000388889 -0.000250001 -0.0015 -0.000416667 -0.000152175 -0.00120466
internal_weight=900 800 100 768 575 193
internal_count=900 800 100 768 575 193
is_linear=0
shrinkage=0.05


Tree=89
num_leaves=7
num_cat=0
split_feature=1 0 0 1 0 0
split_gain=0.0555556 0.213333 0.0711111 0.0640264 0.223344 0.120765
threshold=0.52380723204672308 0.51959970450616566 0.47210282998746428 0.58324386251320937 0.57262940457065103 0.53794693496047297
decision_type=2 2 2 2 2 2
left_child=2 -2 -1 5 -5 -3
right_child=1 3 -4 4 -6 -7
leaf_value=-0.00010548755242718207 0.0030680466998925515 0.0009484384494967146 -0.0042394171809801489 0.0015224302162060227 -0.00034834933342714117 -0.0017198314722276288
leaf_weight=36 32 66 64 43 532 127
leaf_count=36 32 66 64 43 532 127
internal_value=-0.000388889 -0.000250001 -0.0015 -0.000416667 -0.000152175 -0.00120466
internal_weight=900 800 100 768 575 193
internal_count=900 800 100 768 575 193
is_linear=0
shrinkage=0.05


Tree=90
num_leaves=7
num_cat=0
split_feature=1 0 1 0 0 0
split_gain=0.06125 0.206719 0.0770029 0.317248 0.115608 0.0711111
threshold=0.52380723204672308 0.51959970450616566 0.60819950863162064 0.59736728114878235 0.54071806234852648 0.47210282998746428
decision_type=2 2 2 2 2 2
left_child=5 -2 4 -4 -3 -1
right_child=1 2 3 -5 -6 -7
leaf_value=-0.00010021317480582056 0.0029146443648979227 0.0014267271521313124 0.0031763734959243855 -0.00016358614668149721 -0.0012066612777514897 -0.0040274463219311385
leaf_weight=36 32 77 35 412 244 64
leaf_count=36 32 77 35 412 244 64
internal_value=-0.000333334 -0.000187501 -0.000351563 7.27063e-05 -0.000942368 -0.0015
internal_weight=900 800 768 447 321 100
internal_count=900 800 768 447 321 100
is_linear=0
shrinkage=0.05


Tree=91
num_leaves=8
num_cat=0
split_feature=1 0 1 0 1 1 0
split_gain=0.0786335 0.173681 0.0916567 0.147112 0.0690707 0.120088 0.0860523
threshold=0.65009778244971805 0.64010565801554231 0.66484037025029663 0.66993913421827822 0.63854930178729796 0.63213212286366205 0.58087639531556545
decision_type=2 2 2 2 2 2 2
left_child=4 -2 -3 -4 5 6 -1
right_child=1 2 3 -5 -6 -7 -8
leaf_value=-0.00028948472181276164 0.0021975966393743495 -0.00099449156759528492 0.0014147220131219078 -0.00067465562955199162 -0.0031891068044746177 0.0048994343490066554 -0.0009144522828401782
leaf_weight=392 32 36 49 132 51 30 178
leaf_count=392 32 36 49 132 51 30 178
internal_value=-0.000444445 0.000311244 -0.000195853 0.00026243 -0.000733488 -0.000583334 -0.000745615
internal_weight=900 249 217 181 651 600 570
internal_count=900 249 217 181 651 600 570
is_linear=0
shrinkage=0.05


Tree=92
num_leaves=12
num_cat=0
split_feature=1 1 0 1 1 1 1 0 1 0 1
split_gain=0.076423 0.20979 0.0852489 0.23877 0.104983 0.0818182 0.0667984 0.0666667 0.032027 0.0782487 0.0181818
threshold=0.66484037025029663 0.67936934647047098 0.60569393002292282 0.60849958901343504 0.59326110550390743 0.70601705525831349 0.72035737538279199 0.5997151743879513 0.63604471916556415 0.63408857621495496 0.69037717070487203
decision_type=2 2 2 2 2 2 2 2 2 2 2
left_child=2 -2 3 4 -1 10 -7 -5 -4 -10 -3
right_child=1 5 8 7 -6 6 -8 -9 9 -11 -12
leaf_value=-0.00074906447599662647 0.0025538975072105299 -0.0026585347032579369 -0.000660977058002904 0.0031775280166450683 -0.00089312401740437863 0.0018004152255231558 -0.00025873141204731912 0.0034472739534421623 0.00021225721198226967 -0.0013969452667348115 -0.0019841913310249802
leaf_weight=376 30 30 76 30 80 30 69 30 57 56 36
leaf_count=376 30 30 76 30 80 30 69 30 57 56 36
internal_value=-0.000555556 0.000320512 -0.000797873 -0.000465117 -0.000855264 -0.000378788 0.000530302 0.0025 -0.00170635 -0.00117257 -0.00174242
internal_weight=900 195 705 516 456 165 99 60 189 113 66
internal_count=900 195 705 516 456 165 99 60 189 113 66
is_linear=0
shrinkage=0.05


Tree=93
num_leaves=9
num_cat=0
split_feature=1 0 1 0 0 1 0 0
split_gain=0.0570336 0.315544 0.100617 0.213577 0.145161 0.0879601 0.213208 0.111736
threshold=0.60819950863162064 0.59736728114878235 0.59326110550390743 0.57180343183458415 0.54975243375952876 0.656500042894404 0.64896227486095504 0.60645645924628155
decision_type=2 2 2 2 2 2 2 2
left_child=2 -2 3 4 -1 7 -7 -3
right_child=1 5 -4 -5 -6 6 -8 -9
leaf_value=-0.00044224676871208735 0.0028703015172628424 -8.2204847871153293e-05 -0.00089888346174953342 0.0068946725038815512 -0.0015355268539565148 0.0021544283892044624 -0.00023569937739665177 -0.00078677050555148631
leaf_weight=242 36 42 76 35 99 30 188 152
leaf_count=242 36 42 76 35 99 30 188 152
internal_value=-0.000444445 -4.46435e-05 -0.000840709 -0.00050532 -0.000887097 -0.000436894 0.000252293 -0.00121134
internal_weight=900 448 452 376 341 412 218 194
internal_count=900 448 452 376 341 412 218 194
is_linear=0
shrinkage=0.05


Tree=94
num_leaves=5
num_cat=0
split_feature=0 0 1 0
split_gain=0.052283 0.0585873 0.107593 0.074239
threshold=0.72377146229857081 0.69640320753820795 0.70307598563437068 0.66711835093752458
decision_type=2 2 2 2
left_child=1 2 3 -1
right_child=-2 -3 -4 -5
leaf_value=-0.00019650292973643461 0.00061318055006268643 -0.0016620498450254963 0.0017221794331168307 -0.0022037507052558745
leaf_weight=749 39 36 30 46
leaf_count=749 39 36 30 46
internal_value=-0.000444445 -0.000525552 -0.000439395 -0.000550315
internal_weight=900 861 825 795
internal_count=900 861 825 795
is_linear=0
shrinkage=0.05


Tree=95
num_leaves=5
num_cat=0
split_feature=0 1 0 1
split_gain=0.0555776 0.0796361 0.0493867 0.100562
threshold=0.72377146229857081 0.71078262082856114 0.47411334966051039 0.52380723204672308
decision_type=2 2 2 2
left_child=1 2 -1 -4
right_child=-2 -3 3 -5
leaf_value=0.0032950729808916253 0.00058252152255955369 -0.0014469690329816836 -0.0037121419378310151 -0.00016176093839804595
leaf_weight=40 39 51 61 709
leaf_count=40 39 51 61 709
internal_value=-0.000500001 -0.000583624 -0.000462964 -0.000551949
internal_weight=900 861 810 770
internal_count=900 861 810 770
is_linear=0
shrinkage=0.05


Tree=96
num_leaves=9
num_cat=0
split_feature=1 0 0 1 1 0 1 0
split_gain=0.0610837 0.180761 0.126451 0.275573 0.104724 0.0823519 0.0594654 0.0236081
threshold=0.66650100442737326 0.66993913421827822 0.61293501030676201 0.62138001605485405 0.70601705525831349 0.58087639531556545 0.63854930178729796 0.72377146229857081
decision_type=2 2 2 2 2 2 2 2
left_child=2 -2 3 5 -3 -1 -4 -6
right_child=1 4 6 -5 7 -7 -8 -9
leaf_value=-0.00015450665749478954 0.0021883397145630147 -0.001956368132551223 -0.00066253118625302196 0.0015707643537031476 -0.00042744717634273237 -0.00088680685037675346 -0.0015380668154766188 0.00055339544643158163
leaf_weight=392 57 47 47 40 46 123 109 39
leaf_count=392 57 47 47 40 46 123 109 39
internal_value=-0.000388889 0.000410052 -0.000601266 -0.000247748 -0.000606061 -0.000558253 -0.00185897 0.000441176
internal_weight=900 189 711 555 132 515 156 85
internal_count=900 189 711 555 132 515 156 85
is_linear=0
shrinkage=0.05


Tree=97
num_leaves=12
num_cat=0
split_feature=1 0 0 1 0 1 0 0 0 0 0
split_gain=0.0786335 0.239591 0.11046 0.267514 0.142031 0.10125 0.0988562 0.0719808 0.0535898 0.0441016 0.033697
threshold=0.65009778244971805 0.6436574475372886 0.58087639531556545 0.58324386251320937 0.53794693496047297 0.70601705525831349 0.57262940457065103 0.6266071455640837 0.66711835093752458 0.70654695799508571 0.60569393002292282
decision_type=2 2 2 2 2 2 2 2 2 2 2
left_child=2 -2 3 4 -1 8 -5 10 -3 -7 -4
right_child=1 5 7 6 -6 9 -8 -9 -10 -11 -12
leaf_value=-0.00015815797648112046 0.0013979432066706619 -0.00012075058254705589 -0.00080246452781059245 0.0019423504433428618 -0.0014191645058589109 0.001622513977256307 0.0016318660000045242 0.0032079908590475236 -0.0018856251422681659 -4.9956738221652604e-05 -0.00079457666466792526
leaf_weight=197 39 71 123 36 127 30 32 31 52 57 105
leaf_count=197 39 71 123 36 127 30 32 31 52 57 105
internal_value=-0.000444445 0.000311244 -0.000733488 -0.000204082 -0.00080247 -0.000357143 0.00264706 -0.00153475 -0.00128049 0.000948275 -0.00184211
internal_weight=900 249 651 392 324 210 68 259 123 87 228
internal_count=900 249 651 392 324 210 68 259 123 87 228
is_linear=0
shrinkage=0.05


Tree=98
num_leaves=5
num_cat=0
split_feature=0 0 1 0
split_gain=0.0555776 0.0564158 0.0879864 0.138129
threshold=0.72377146229857081 0.47411334966051039 0.52380723204672308 0.54071806234852648
decision_type=2 2 2 2
left_child=1 -1 -3 -4
right_child=-2 2 3 -5
leaf_value=0.0031459525635458424 0.00052822351102108642 -0.0035109016092406686 0.0014455764469685881 -0.00034820939091862086
leaf_weight=40 39 61 111 649
leaf_count=40 39 61 111 649
internal_value=-0.000500001 -0.000583624 -0.00067296 -0.000526316
internal_weight=900 861 821 760
internal_count=900 861 821 760
is_linear=0
shrinkage=0.05


Tree=99
num_leaves=5
num_cat=0
split_feature=0 0 1 0
split_gain=0.0555776 0.0564158 0.0879864 0.0723311
threshold=0.72377146229857081 0.47411334966051039 0.52380723204672308 0.54071806234852648
decision_type=2 2 2 2
left_child=1 -1 -3 -4
right_child=-2 2 3 -5
leaf_value=0.0029886549353685486 0.00050181233547003101 -0.0033353565287786327 0.0013732976246201593 -0.00033079892137268994
leaf_weight=40 39 61 111 649
leaf_count=40 39 61 111 649
internal_value=-0.000500001 -0.000583624 -0.00067296 -0.000526316
internal_weight=900 861 821 760
internal_count=900 861 821 760
is_linear=0
shrinkage=0.05


Tree=100
num_leaves=11
num_cat=0
split_feature=1 0 0 1 0 0 1 0 1 1
split_gain=0.0571753 0.300049 0.117818 0.196678 0.0816336 0.065729 0.15 0.0557308 0.306199 0.0250117
threshold=0.60819950863162064 0.59736728114878235 0.54071806234852648 0.54892085821748637 0.51110214784931018 0.6081229627810617 0.656500042894404 0.57180343183458415 0.59326110550390743 0.56206603929328514
decision_type=2 2 2 2 2 2 2 2 2 2
left_child=2 -2 3 4 -1 -3 -7 9 -9 -4
right_child=1 5 7 -5 -6 6 -8 8 -10 -11
leaf_value=-9.3227291356408557e-05 0.0028196497523181895 3.7824596181566174e-05 -0.0047358255063575001 0.0021799505518630843 -0.0028043216886085211 -0.00078760987042170996 2.0454726195705896e-05 0.0065170675587742886 -0.00081183147155441395 -0.0012018834666421758
leaf_weight=104 36 52 31 32 72 144 216 35 71 107
leaf_count=104 36 52 31 32 72 144 216 35 71 107
internal_value=-0.000333334 6.69637e-05 -0.000730089 0.00014423 -0.000511364 -0.000315535 -0.000555556 -0.00147541 -0.000613208 -0.00213768
internal_weight=900 448 452 208 176 412 360 244 106 138
internal_count=900 448 452 208 176 412 360 244 106 138
is_linear=0
shrinkage=0.05


Tree=101
num_leaves=7
num_cat=0
split_feature=1 1 1 0 0 0
split_gain=0.0508295 0.310982 0.0735601 0.248976 0.094895 0.0656566
threshold=0.52040407304027358 0.53053868226836853 0.57995184959271862 0.57262940457065103 0.53794693496047297 0.47210282998746428
decision_type=2 2 2 2 2 2
left_child=5 -2 4 -4 -3 -1
right_child=1 2 3 -5 -6 -7
leaf_value=-0.00046252699897632207 0.0023312279346002608 0.00013363177706175145 0.00064193921102122676 -0.00014115841861779411 -0.0015138103709054843 -0.0035980533322412301
leaf_weight=36 36 73 52 536 115 52
leaf_count=36 36 73 52 536 115 52
internal_value=-0.000222223 -9.85228e-05 -0.000309279 -3.40142e-05 -0.00117021 -0.00136364
internal_weight=900 812 776 588 188 88
internal_count=900 812 776 588 188 88
is_linear=0
shrinkage=0.05


Tree=102
num_leaves=12
num_cat=0
split_feature=1 0 1 0 0 1 0 0 1 0 1
split_gain=0.0628449 0.195463 0.155741 0.281958 0.121134 0.196678 0.0816336 0.0784785 0.0561111 0.0518945 0.311688
threshold=0.60849958901343504 0.6081229627810617 0.65504253538318735 0.64896227486095504 0.54071806234852648 0.54892085821748637 0.51110214784931018 0.62894999462887868 0.62138001605485405 0.57180343183458415 0.59326110550390743
decision_type=2 2 2 2 2 2 2 2 2 2 2
left_child=4 8 7 -4 5 6 -1 -3 -2 -6 -11
right_child=1 2 3 -5 9 -7 -8 -9 -10 10 -12
leaf_value=-0.0001841739900003839 0.0010685785800222981 -0.0008568296003419808 0.0015584167889216346 -0.00019497845688388376 -0.0011700073086405077 0.0020576633222751878 -0.0026707871930311791 -8.1468515203170233e-05 0.002787513555080885 0.0061708636688591716 -0.0007001695067333114
leaf_weight=104 53 98 36 189 138 32 72 37 31 35 75
leaf_count=104 53 98 36 189 138 32 72 37 31 35 75
internal_value=-0.000333334 9.00895e-05 -0.000416667 0.000388888 -0.000745615 0.00014423 -0.000511364 -0.00175926 0.0022619 -0.00149194 -0.000681819
internal_weight=900 444 360 225 456 208 176 135 84 248 110
internal_count=900 444 360 225 456 208 176 135 84 248 110
is_linear=0
shrinkage=0.05


Tree=103
num_leaves=11
num_cat=0
split_feature=0 1 1 0 1 1 1 0 0 1
split_gain=0.0764546 0.17631 0.0929933 0.120552 0.104724 0.0812033 0.320997 0.0656566 0.0547824 0.0810085
threshold=0.54071806234852648 0.54945005999977681 0.66650100442737326 0.66993913421827822 0.70601705525831349 0.52040407304027358 0.53053868226836853 0.47210282998746428 0.63408857621495496 0.63604471916556415
decision_type=2 2 2 2 2 2 2 2 2 2
left_child=1 5 8 -4 -5 7 -7 -1 9 -2
right_child=2 -3 3 4 -6 6 -8 -9 -10 -11
leaf_value=-0.00043019194952748817 -0.00047281686521795656 0.0019547801561614307 0.0021845859416488389 -0.0017145339457303899 2.0254980477692688e-05 0.0022238752373702655 -0.0027966744502991789 -0.0034089419661291476 -0.0010370360761876585 0.0011631871227674639
leaf_weight=36 380 32 53 47 85 36 56 52 62 61
leaf_count=36 380 32 53 47 85 36 56 52 62 61
internal_value=-0.000500001 0.000330188 -0.000755815 0.000202702 -0.000606061 -0.000277778 0.000760869 -0.00136364 -0.00110835 -0.000912699
internal_weight=900 212 688 185 132 180 92 88 503 441
internal_count=900 212 688 185 132 180 92 88 503 441
is_linear=0
shrinkage=0.05


Tree=104
num_leaves=5
num_cat=0
split_feature=0 0 1 0
split_gain=0.0589729 0.0600458 0.0822184 0.0806252
threshold=0.72377146229857081 0.47411334966051039 0.52380723204672308 0.54071806234852648
decision_type=2 2 2 2
left_child=1 -1 -3 -4
right_child=-2 2 3 -5
leaf_value=0.00289772820009315 0.0004914930771379389 -0.0028985078558186319 0.00097562376535478075 -0.00023816068065998474
leaf_weight=40 39 61 111 649
leaf_count=40 39 61 111 649
internal_value=-0.000555556 -0.000641696 -0.000733862 -0.000592106
internal_weight=900 861 821 760
internal_count=900 861 821 760
is_linear=0
shrinkage=0.05


Tree=105
num_leaves=5
num_cat=0
split_feature=0 0 1 0
split_gain=0.052283 0.0585873 0.107593 0.074239
threshold=0.72377146229857081 0.69640320753820795 0.70307598563437068 0.66711835093752458
decision_type=2 2 2 2
left_child=1 2 3 -1
right_child=-2 -3 -4 -5
leaf_value=-9.9219281080744061e-05 0.00046691842328103753 -0.0014848165840288226 0.0015424990224614779 -0.001746006204932826
leaf_weight=749 39 36 30 46
leaf_count=749 39 36 30 46
internal_value=-0.000444445 -0.000525552 -0.000439395 -0.000550315
internal_weight=900 861 825 795
internal_count=900 861 825 795
is_linear=0
shrinkage=0.05


Tree=106
num_leaves=6
num_cat=0
split_feature=0 1 1 0 0
split_gain=0.0555776 0.0796361 0.0566445 0.198527 0.110838
threshold=0.72377146229857081 0.71078262082856114 0.66300319706451416 0.66993913421827822 0.58087639531556545
decision_type=2 2 2 2 2
left_child=1 2 4 -4 -1
right_child=-2 -3 3 -5 -6
leaf_value=-8.9199775221929684e-05 0.00044357250211698453 -0.0012576915660444253 0.0019683077300445893 -0.0014863532294451202 -0.00057355949431812578
leaf_weight=392 39 51 59 55 304
leaf_count=392 39 51 59 55 304
internal_value=-0.000500001 -0.000583624 -0.000462964 0.000570175 -0.000632185
internal_weight=900 861 810 114 696
internal_count=900 861 810 114 696
is_linear=0
shrinkage=0.05


Tree=107
num_leaves=8
num_cat=0
split_feature=1 1 0 1 1 1 0
split_gain=0.0902554 0.104315 0.103751 0.369824 0.0693627 0.0634628 0.147898
threshold=0.70601705525831349 0.737381268077272 0.58189582909572735 0.59197920020506622 0.57995184959271862 0.61073729189183779 0.60569393002292282
decision_type=2 2 2 2 2 2 2
left_child=2 -2 3 4 -1 -4 -7
right_child=1 -3 5 -5 -6 6 -8
leaf_value=-0.0010535731999127584 0.0016915513596813211 -0.00068329906136198608 -0.00092794017542895081 0.0011853006129839906 0.00038557038308194552 0.0045477174558722 -0.00034141735228931935
leaf_weight=312 48 51 70 33 54 47 285
leaf_count=312 48 51 70 33 54 47 285
internal_value=-0.000388889 0.00103535 -0.000564919 6.26507e-06 -0.00045082 -0.00113184 -0.000843374
internal_weight=900 99 801 399 366 402 332
internal_count=900 99 801 399 366 402 332
is_linear=0
shrinkage=0.05


Tree=108
num_leaves=8
num_cat=0
split_feature=0 0 1 0 1 1 1
split_gain=0.0624688 0.0709435 0.201467 0.0870895 0.0567939 0.0903341 0.0227343
threshold=0.72377146229857081 0.54071806234852648 0.54945005999977681 0.51110214784931018 0.57995184959271862 0.5875099455933549 0.56206603929328514
decision_type=2 2 2 2 2 2 2
left_child=1 2 3 -1 6 -6 -3
right_child=-2 4 -4 -5 5 -7 -8
leaf_value=-0.00010270050619127988 0.00045555883007922796 -0.0042671948569576621 0.0018703595728963873 -0.0026435226125021121 0.00099835047583797108 -0.00015366376669680607 -0.0012770353891521848
leaf_weight=104 39 31 32 76 36 508 74
leaf_count=104 39 31 32 76 36 508 74
internal_value=-0.000611112 -0.000699768 9.4339e-05 -0.000555556 -0.000959169 -0.000753677 -0.00202381
internal_weight=900 861 212 180 649 544 105
internal_count=900 861 212 180 649 544 105
is_linear=0
shrinkage=0.05


Tree=109
num_leaves=10
num_cat=0
split_feature=0 1 1 0 1 1 0 0 1
split_gain=0.0665644 0.17631 0.0890867 0.0987011 0.0812033 0.320997 0.0659895 0.0656566 0.0227343
threshold=0.54071806234852648 0.54945005999977681 0.57995184959271862 0.57262940457065103 0.52040407304027358 0.53053868226836853 0.72377146229857081 0.47210282998746428 0.56206603929328514
decision_type=2 2 2 2 2 2 2 2 2
left_child=1 4 8 -4 7 -6 -5 -1 -2
right_child=2 -3 3 6 5 -7 -8 -9 -10
leaf_value=-0.00048633412393543526 -0.0040538351141097776 0.0017768415942515656 1.7876494871712791e-05 -0.00027053585413614741 0.0021311349253543498 -0.0025113461726160844 0.00043278088857526823 -0.0030263348369114263 -0.001213183619694578
leaf_weight=36 31 32 47 497 36 56 39 52 74
leaf_count=36 31 32 47 497 36 56 39 52 74
internal_value=-0.000444445 0.000330188 -0.00068314 -0.000441682 -0.000277778 0.000760869 -0.000634329 -0.00136364 -0.00202381
internal_weight=900 212 688 583 180 92 536 88 105
internal_count=900 212 688 583 180 92 536 88 105
is_linear=0
shrinkage=0.05


Tree=110
num_leaves=6
num_cat=0
split_feature=0 0 1 0 0
split_gain=0.052283 0.0860966 0.1233 0.140987 0.0148883
threshold=0.72377146229857081 0.66993913421827822 0.66650100442737326 0.61293501030676201 0.69491641360216472
decision_type=2 2 2 2 2
left_child=1 2 3 -1 -3
right_child=-2 4 -4 -5 -6
leaf_value=-2.2827432319430238e-05 0.00041114184414650092 -0.001371962194465795 0.0019494791630680906 -0.00070621554025954375 -0.00086131045982045797
leaf_weight=555 39 54 57 156 39
leaf_count=555 39 54 57 156 39
internal_value=-0.000444445 -0.000525552 -0.000351563 -0.000530943 -0.00196237
internal_weight=900 861 768 711 93
internal_count=900 861 768 711 93
is_linear=0
shrinkage=0.05


Tree=111
num_leaves=8
num_cat=0
split_feature=1 0 1 1 0 1 1
split_gain=0.0833515 0.130753 0.239412 0.104315 0.0469655 0.0209524 0.0814132
threshold=0.70601705525831349 0.63408857621495496 0.64297426835265303 0.737381268077272 0.6081229627810617 0.67936934647047098 0.66370719841971249
decision_type=2 2 2 2 2 2 2
left_child=1 2 4 -2 -1 6 -3
right_child=3 5 -4 -5 -6 -7 -8
leaf_value=-2.6365785491100419e-05 0.0015888351313898053 -0.0013228539849225564 0.0017358479192318068 -0.00071410818643394833 -0.00046387188477691268 -0.0012890238944822884 0.00082366686419305633
leaf_weight=527 48 53 30 51 94 66 31
leaf_count=527 48 53 30 51 94 66 31
internal_value=-0.000333334 -0.000502497 -0.000195853 0.00103535 -0.000406603 -0.00183333 -0.00130952
internal_weight=900 801 651 99 621 150 84
internal_count=900 801 651 99 621 150 84
is_linear=0
shrinkage=0.05


Tree=112
num_leaves=7
num_cat=0
split_feature=0 0 1 0 1 0
split_gain=0.049089 0.0931968 0.121228 0.11995 0.0314685 0.0148883
threshold=0.72377146229857081 0.66993913421827822 0.66300319706451416 0.61293501030676201 0.67936934647047098 0.69491641360216472
decision_type=2 2 2 2 2 2
left_child=1 2 3 -1 -4 -3
right_child=-2 5 4 -5 -6 -7
leaf_value=-2.0367771428903833e-05 0.00042629016126086719 -0.0012389128900183928 0.0017649551047020007 -0.00077598390877218386 -0.00013154377613959649 -0.00089768669339893026
leaf_weight=555 39 54 39 141 33 39
leaf_count=555 39 54 39 141 33 39
internal_value=-0.000388889 -0.00046748 -0.000286459 -0.000488506 0.00166667 -0.00196237
internal_weight=900 861 768 696 72 93
internal_count=900 861 768 696 72 93
is_linear=0
shrinkage=0.05


Tree=113
num_leaves=5
num_cat=0
split_feature=0 0 1 0
split_gain=0.049089 0.0620843 0.103202 0.0799677
threshold=0.72377146229857081 0.69640320753820795 0.70307598563437068 0.61293501030676201
decision_type=2 2 2 2
left_child=1 2 3 -1
right_child=-2 -3 -4 -5
leaf_value=-1.9349382857457848e-05 0.00040497565319782549 -0.0014025506623761093 0.0013054859240626698 -0.00062573877360109663
leaf_weight=555 39 36 30 240
leaf_count=555 39 36 30 240
internal_value=-0.000388889 -0.00046748 -0.000378788 -0.000487422
internal_weight=900 861 825 795
internal_count=900 861 825 795
is_linear=0
shrinkage=0.05


Tree=114
num_leaves=7
num_cat=0
split_feature=0 0 1 0 1 1
split_gain=0.0459957 0.0466509 0.365405 0.0732404 0.0596602 0.0611119
threshold=0.72377146229857081 0.62046888934734301 0.63024457374338971 0.60569393002292282 0.70601705525831349 0.64078830360703576
decision_type=2 2 2 2 2 2
left_child=1 2 3 -1 5 -3
right_child=-2 4 -4 -5 -6 -7
leaf_value=-8.3631391053383834e-05 0.00038472687053793254 0.0032717337606950978 0.00088860531331149155 -0.00039340889244094405 1.5756573262816553e-05 -0.0011595303902984572
leaf_weight=512 39 31 45 43 48 182
leaf_count=512 39 31 45 43 48 182
internal_value=-0.000333334 -0.000409408 -0.000166667 -0.000518019 -0.000967434 -0.00132629
internal_weight=900 861 600 555 261 213
internal_count=900 861 600 555 261 213
is_linear=0
shrinkage=0.05


Tree=115
num_leaves=5
num_cat=0
split_feature=0 0 1 0
split_gain=0.052283 0.0528989 0.0742949 0.103534
threshold=0.72377146229857081 0.47411334966051039 0.52040407304027358 0.5138714383717623
decision_type=2 2 2 2
left_child=1 -1 -3 -4
right_child=-2 2 3 -5
leaf_value=0.0028530202225631046 0.00036549052701103648 -0.0028592469414939039 0.00078259697704566593 -0.0001248310826153735
leaf_weight=40 39 49 31 741
leaf_count=40 39 49 31 741
internal_value=-0.000444445 -0.000525552 -0.000612059 -0.000492229
internal_weight=900 861 821 772
internal_count=900 861 821 772
is_linear=0
shrinkage=0.05


Tree=116
num_leaves=10
num_cat=0
split_feature=0 1 1 0 1 1 1 0 1
split_gain=0.057359 0.17631 0.0990068 0.0911456 0.0954328 0.0812033 0.320997 0.0656566 0.0227343
threshold=0.54071806234852648 0.54945005999977681 0.57995184959271862 0.57262940457065103 0.65009778244971805 0.52040407304027358 0.53053868226836853 0.47210282998746428 0.56206603929328514
decision_type=2 2 2 2 2 2 2 2 2
left_child=1 5 8 -4 -5 7 -7 -1 -2
right_child=2 -3 3 4 -6 6 -8 -9 -10
leaf_value=-0.00059604134070930968 -0.0038362747161160117 0.0017028681568272749 3.1851312416409112e-05 -0.00047117332273108239 4.2639238093417055e-05 0.0019940754183918608 -0.0023822530426949552 -0.0027234286598336547 -0.0011376557964215695
leaf_weight=36 31 32 47 295 241 36 56 52 74
leaf_count=36 31 32 47 295 241 36 56 52 74
internal_value=-0.000388889 0.000330188 -0.000610466 -0.000355918 -0.000541045 -0.000277778 0.000760869 -0.00136364 -0.00202381
internal_weight=900 212 688 583 536 180 92 88 105
internal_count=900 212 688 583 536 180 92 88 105
is_linear=0
shrinkage=0.05


Tree=117
num_leaves=9
num_cat=0
split_feature=1 0 1 0 1 0 0 1
split_gain=0.06125 0.151499 0.120418 0.101041 0.0892857 0.0711111 0.0594552 0.0227343
threshold=0.52380723204672308 0.54071806234852648 0.57995184959271862 0.58189582909572735 0.54945005999977681 0.47210282998746428 0.51959970450616566 0.56206603929328514
decision_type=2 2 2 2 2 2 2 2
left_child=5 4 7 -4 6 -1 -2 -3
right_child=1 2 3 -5 -6 -7 -8 -9
leaf_value=-0.00056623927367384266 0.0024056067680631957 -0.0036444609803102102 2.6539122651436741e-05 -0.00014872159069040814 0.0016177247489859157 -0.0025682063970919712 -0.0054009425798439079 -0.0010807730066004918
leaf_weight=36 31 31 91 492 32 64 49 74
leaf_count=36 31 31 91 492 32 64 49 74
internal_value=-0.000333334 -0.000187501 -0.000465117 -0.000184392 0.00151786 -0.0015 0.000624999 -0.00202381
internal_weight=900 800 688 583 112 100 80 105
internal_count=900 800 688 583 112 100 80 105
is_linear=0
shrinkage=0.05


Tree=118
num_leaves=6
num_cat=0
split_feature=1 0 0 0 0
split_gain=0.0508295 0.19736 0.0759926 0.218735 0.0656566
threshold=0.52040407304027358 0.5138714383717623 0.52645444155412813 0.54071806234852648 0.47210282998746428
decision_type=2 2 2 2 2
left_child=4 -2 -3 -4 -1
right_child=1 2 3 -5 -6
leaf_value=-0.00053792730999015117 0.0021830794055418489 -0.006409290755809283 0.0011480745023128955 -0.00013710997909448729 -0.0024588469069873721
leaf_weight=36 32 36 56 688 52
leaf_count=36 32 36 56 688 52
internal_value=-0.000222223 -9.85228e-05 -0.000256411 -0.00014785 -0.00136364
internal_weight=900 812 780 744 88
internal_count=900 812 780 744 88
is_linear=0
shrinkage=0.05


Tree=119
num_leaves=8
num_cat=0
split_feature=1 0 1 0 0 1 0
split_gain=0.08 0.222222 0.143465 0.373573 0.0711111 0.0552556 0.0333333
threshold=0.52380723204672308 0.53275300737035913 0.57995184959271862 0.5701062142501796 0.47210282998746428 0.55893679990018208 0.52395372039893029
decision_type=2 2 2 2 2 2 2
left_child=4 6 5 -4 -1 -3 -2
right_child=1 2 3 -5 -6 -7 -8
leaf_value=-0.00051103094449064421 0.00078694808295875953 -0.0032888841685025649 0.00025646348752238608 -0.00010716917288508279 -0.0023168537318880023 -0.0010734374808245161 0.0031548561162109967
leaf_weight=36 48 47 32 554 64 87 32
leaf_count=36 48 47 32 554 64 87 32
internal_value=-0.000166667 -5.96046e-10 -0.000277778 5.97264e-05 -0.0015 -0.00175373 0.0025
internal_weight=900 800 720 586 100 134 80
internal_count=900 800 720 586 100 134 80
is_linear=0
shrinkage=0.05


end of trees

feature_importances:
Column_0=441
Column_1=290

parameters:
[boosting: gbdt]
[objective: quantile]
[metric: quantile]
[tree_learner: serial]
[device_type: cpu]
[data_sample_strategy: bagging]
[data: ]
[valid: ]
[num_iterations: 120]
[learning_rate: 0.05]
[num_leaves: 12]
[num_threads: 2]
[seed: 26170]
[deterministic: 0]
[force_col_wise: 0]
[force_row_wise: 0]
[histogram_pool_size: -1]
[max_depth: 4]
[min_data_in_leaf: 30]
[min_sum_hessian_in_leaf: 0.001]
[bagging_fraction: 1]
[pos_bagging_fraction: 1]
[neg_bagging_fraction: 1]
[bagging_freq: 0]
[bagging_seed: 13002]
[bagging_by_query: 0]
[feature_fraction: 1]
[feature_fraction_bynode: 1]
[feature_fraction_seed: 3933]
[extra_trees: 0]
[extra_seed: 13870]
[early_stopping_round: 0]
[early_stopping_min_delta: 0]
[first_metric_only: 0]
[max_delta_step: 0]
[lambda_l1: 0]
[lambda_l2: 0]
[linear_lambda: 0]
[min_gain_to_split: 0]
[drop_rate: 0.1]
[max_drop: 50]
[skip_drop: 0.5]
[xgboost_dart_mode: 0]
[uniform_drop: 0]
[drop_seed: 25549]
[top_rate: 0.2]
[other_rate: 0.1]
[min_data_per_group: 100]
[max_cat_threshold: 32]
[cat_l2: 10]
[cat_smooth: 10]
[max_cat_to_onehot: 4]
[top_k: 20]
[monotone_constraints: ]
[monotone_constraints_method: basic]
[monotone_penalty: 0]
[feature_contri: ]
[forcedsplits_filename: ]
[refit_decay_rate: 0.9]
[cegb_tradeoff: 1]
[cegb_penalty_split: 0]
[cegb_penalty_feature_lazy: ]
[cegb_penalty_feature_coupled: ]
[path_smooth: 0]
[interaction_constraints: ]
[verbosity: -1]
[saved_feature_importance_type: 0]
[use_quantized_grad: 0]
[num_grad_quant_bins: 4]
[quant_train_renew_leaf: 0]
[stochastic_rounding: 1]
[linear_tree: 0]
[max_bin: 255]
[max_bin_by_feature: ]
[min_data_in_bin: 3]
[bin_construct_sample_cnt: 200000]
[data_random_seed: 19962]
[is_enable_sparse: 1]
[enable_bundle: 1]
[use_missing: 1]
[zero_as_missing: 0]
[feature_pre_filter: 1]
[pre_partition: 0]
[two_round: 0]
[header: 0]
[label_column: ]
[weight_column: ]
[group_column: ]
[ignore_column: ]
[categorical_feature: ]
[forcedbins_filename: ]
[precise_float_parser: 0]
[parser_config_file: ]
[objective_seed: 31251]
[num_class: 1]
[is_unbalance: 0]
[scale_pos_weight: 1]
[sigmoid: 1]
[boost_from_average: 1]
[reg_sqrt: 0]
[alpha: 0.95]
[fair_c: 1]
[poisson_max_delta_step: 0.7]
[tweedie_variance_power: 1.5]
[lambdarank_truncation_level: 30]
[lambdarank_norm: 1]
[label_gain: ]
[lambdarank_position_bias_regularization: 0]
[eval_at: ]
[multi_error_top_k: 1]
[auc_mu_weights: ]
[num_machines: 1]
[local_listen_port: 12400]
[time_out: 120]
[machine_list_filename: ]
[machines: ]
[gpu_platform_id: -1]
[gpu_device_id: -1]
[gpu_device_id_list: ]
[gpu_use_dp: 0]
[num_gpu: 1]

end of parameters

pandas_categorical:null
