tree
version=v4
num_class=1
num_tree_per_iteration=1
label_index=0
max_feature_idx=1
objective=quantile
feature_names=Column_0 Column_1
feature_infos=[3.1279060556945266:5.6410386938468182] [3.1676953950515698:5.652041660997658]
tree_sizes=390 411 579 493 496 410 580 578 496 579 577 574 665 499 663 661 662 661 662 655 657 665 660 661 660 747 670 670 662 668 741 752 743 753 752 674 671 673 921 923 929 928 928 1010 1014 843 924 844 675 677 671 763 928 677 674 672 673 674 678 679 678 679 678 680 680 680 680 762 763 761 850 846 849 848 844 758 757 849 846 845 844 838 837 847 844 1024 846 760 758 675 679 678 1193 851 847 847 765 926 1102 927 928 934 928 928 1022 1020 1109 761 846 1191 760 760 758 759 847 846 1018 1017 1019 1111

Tree=0
num_leaves=3
num_cat=0
split_feature=0 1
split_gain=30.0958 0.497261
threshold=3.686130412653299 3.7616041672599647
decision_type=2 2
left_child=-1 -2
right_child=1 -3
leaf_value=3.7920887953643492 3.8013153016627839 3.8075515079677524
leaf_weight=52 31 817
leaf_count=52 31 817
internal_value=3.80257 3.80483
internal_weight=900 848
internal_count=900 848
is_linear=0
shrinkage=1


Tree=1
num_leaves=3
num_cat=0
split_feature=0 1
split_gain=27.3006 0.279709
threshold=3.686130412653299 3.7616041672599647
decision_type=2 2
left_child=-1 -2
right_child=1 -3
leaf_value=-0.0099529403175645306 -0.0011877593340514415 0.0047366366556683475
leaf_weight=52 31 817
leaf_count=52 31 817
internal_value=0.000166667 0.00232311
internal_weight=900 848
internal_count=900 848
is_linear=0
shrinkage=0.05


Tree=2
num_leaves=5
num_cat=0
split_feature=1 0 1 0
split_gain=23.967 1.06923 0.0310503 2.22045e-16
threshold=3.6764169149252113 3.7257796275920332 3.7835905938615642 4.0762805448484292
decision_type=2 2 2 2
left_child=-1 -2 -3 -4
right_child=1 2 3 -5
leaf_value=-0.010505757767315639 -0.0022561749739345208 0.00024018703866561799 0.0043899075628691222 0.019034535768586491
leaf_weight=40 32 31 464 333
leaf_count=40 32 31 464 333
internal_value=0.000333333 0.00209302 0.00243961 0.0025
internal_weight=900 860 828 797
internal_count=900 860 828 797
is_linear=0
shrinkage=0.05


Tree=3
num_leaves=4
num_cat=0
split_feature=0 1 0
split_gain=21.168 0.685216 4.44089e-16
threshold=3.6579295640795357 3.7480472659424189 4.1635154313803033
decision_type=2 2 2
left_child=-1 -2 -3
right_child=1 2 -4
leaf_value=-0.0099804698789498492 -0.0010487022172586706 0.0036779985694177287 0.02274880836605242
leaf_weight=40 35 612 213
leaf_count=40 35 612 213
internal_value=0.000555556 0.0022093 0.0025
internal_weight=900 860 825
internal_count=900 860 825
is_linear=0
shrinkage=0.05


Tree=4
num_leaves=4
num_cat=0
split_feature=0 1 0
split_gain=19.7696 0.685216 4.44089e-16
threshold=3.6579295640795357 3.7480472659424189 4.1635154313803033
decision_type=2 2 2
left_child=-1 -2 -3
right_child=1 2 -4
leaf_value=-0.0094814463850023678 -0.00099626710639574563 0.0034940986409468522 0.021611367947749805
leaf_weight=40 35 612 213
leaf_count=40 35 612 213
internal_value=0.000611111 0.0022093 0.0025
internal_weight=900 860 825
internal_count=900 860 825
is_linear=0
shrinkage=0.05


Tree=5
num_leaves=3
num_cat=0
split_feature=0 1
split_gain=19.7057 0.881216
threshold=3.6579295640795357 3.75613937431894
decision_type=2 2
left_child=-1 -2
right_child=1 -3
leaf_value=-0.0090073740657522494 -0.00091718429657757167 0.003846466846850527
leaf_weight=40 39 821
leaf_count=40 39 821
internal_value=0.000555556 0.00215116
internal_weight=900 860
internal_count=900 860
is_linear=0
shrinkage=0.05


Tree=6
num_leaves=5
num_cat=0
split_feature=1 0 1 0
split_gain=15.8613 0.472138 0.0310503 2.22045e-16
threshold=3.6764169149252113 3.7257796275920332 3.7835905938615642 4.0762805448484292
decision_type=2 2 2 2
left_child=-1 -2 -3 -4
right_child=1 2 3 -5
leaf_value=-0.0085570053624646428 -0.0014213479977197312 0.00014585870420298682 0.003619483981864935 0.017531880777296439
leaf_weight=40 32 31 464 333
leaf_count=40 32 31 464 333
internal_value=0.000777778 0.0022093 0.00243961 0.0025
internal_weight=900 860 828 797
internal_count=900 860 828 797
is_linear=0
shrinkage=0.05


Tree=7
num_leaves=5
num_cat=0
split_feature=0 1 0 0
split_gain=11.8344 0.566436 4.44089e-16 2.22045e-16
threshold=3.6316900394282885 3.7480472659424189 4.5169138319226647 4.1019445769155887
decision_type=2 2 2 2
left_child=-1 -2 3 -3
right_child=1 2 -4 -5
leaf_value=-0.0095792455242746273 -0.00085396659814443432 0.0027518724081173015 0.039153785738928359 0.017909873860582827
leaf_weight=32 42 532 36 258
leaf_count=32 42 532 36 258
internal_value=0.00111111 0.00221198 0.0025 0.0025
internal_weight=900 868 826 790
internal_count=900 868 826 790
is_linear=0
shrinkage=0.05


Tree=8
num_leaves=4
num_cat=0
split_feature=0 1 0
split_gain=9.48701 0.850956 4.44089e-16
threshold=3.6316900394282885 3.7632124842769463 4.1143040207575092
decision_type=2 2 2
left_child=-1 -2 -3
right_child=1 2 -4
leaf_value=-0.0091002832480608919 -0.00069106798876148031 0.0029538079065571047 0.017682857438700513
leaf_weight=32 54 541 273
leaf_count=32 54 541 273
internal_value=0.00111111 0.00209677 0.0025
internal_weight=900 868 814
internal_count=900 868 814
is_linear=0
shrinkage=0.05


Tree=9
num_leaves=5
num_cat=0
split_feature=0 1 0 0
split_gain=8.41054 0.834903 0.0321048 2.22045e-16
threshold=3.6316900394282885 3.7632124842769463 3.782070617619699 4.5408629285696618
decision_type=2 2 2 2
left_child=-1 -2 -3 -4
right_child=1 2 3 -5
leaf_value=-0.0086452690856578581 -0.00065651458932340493 5.3377476660522441e-05 0.0044643604724146748 0.037072144074072624
leaf_weight=32 54 30 751 33
leaf_count=32 54 30 751 33
internal_value=0.00111111 0.00203917 0.00243857 0.0025
internal_weight=900 868 814 784
internal_count=900 868 814 784
is_linear=0
shrinkage=0.05


Tree=10
num_leaves=5
num_cat=0
split_feature=0 1 0 0
split_gain=5.76894 0.650399 0.029073 4.44089e-16
threshold=3.648160553941056 3.7632124842769463 3.7860304836136991 4.4885659528608528
decision_type=2 2 2 2
left_child=-1 -2 -3 -4
right_child=1 2 3 -5
leaf_value=-0.0074879604164083576 -0.00043425780113753604 0.00033941808657123452 0.0042556579675343984 0.03345557193350681
leaf_weight=36 51 33 738 42
leaf_count=36 51 33 738 42
internal_value=0.00127778 0.00209491 0.0024385 0.0025
internal_weight=900 864 813 780
internal_count=900 864 813 780
is_linear=0
shrinkage=0.05


Tree=11
num_leaves=5
num_cat=0
split_feature=0 1 0 0
split_gain=4.335 0.540947 0.0321153 2.22045e-16
threshold=3.648160553941056 3.75613937431894 3.7732697840057159 4.6190744389114418
decision_type=2 2 2 2
left_child=-1 -2 -3 -4
right_child=1 2 3 -5
leaf_value=-0.007113562395587936 -0.00050799629577622343 1.5800790504162449e-05 0.0035094952047903141 0.034970861253038832
leaf_weight=36 43 30 761 30
leaf_count=36 43 30 761 30
internal_value=0.00144444 0.00215278 0.0024391 0.0025
internal_weight=900 864 821 791
internal_count=900 864 821 791
is_linear=0
shrinkage=0.05


Tree=12
num_leaves=6
num_cat=0
split_feature=1 0 0 0 0
split_gain=3.92249 0.203618 0.00277778 2.22045e-16 2.22045e-16
threshold=3.6764169149252113 3.7791429136947654 3.7380996876836474 4.6190744389114418 3.9382866065457085
decision_type=2 2 2 2 2
left_child=-1 2 -2 4 -3
right_child=1 3 -4 -5 -6
leaf_value=-0.006032839060841933 1.2405791998525384e-05 0.0022474323931962396 -1.7903550793788594e-05 0.033222318190386881 0.010779927992952265
leaf_weight=40 40 212 32 30 546
leaf_count=40 40 212 32 30 546
internal_value=0.00155556 0.00226744 -0.000277778 0.0025 0.0025
internal_weight=900 860 72 788 758
internal_count=900 860 72 788 758
is_linear=0
shrinkage=0.05


Tree=13
num_leaves=4
num_cat=0
split_feature=0 1 0
split_gain=3.54968 0.197063 0.0310474
threshold=3.6316900394282885 3.7480472659424189 3.7688993472180852
decision_type=2 2 2
left_child=-1 -2 -3
right_child=1 2 -4
leaf_value=-0.0071812875377330609 -0.00019288595103225366 7.6113169456067316e-06 0.0031336270222047215
leaf_weight=32 42 31 795
leaf_count=32 42 31 795
internal_value=0.00166667 0.00226959 0.00243947
internal_weight=900 868 826
internal_count=900 868 826
is_linear=0
shrinkage=0.05


Tree=14
num_leaves=6
num_cat=0
split_feature=1 0 0 0 0
split_gain=3.15375 0.108004 0.0293062 2.22045e-16 2.22045e-16
threshold=3.671979145887049 3.7791429136947654 3.7380996876836474 4.6190744389114418 3.9382866065457085
decision_type=2 2 2 2 2
left_child=-1 2 -2 4 -3
right_child=1 3 -4 -5 -6
leaf_value=-0.0060971779458797839 7.1348324860429188e-05 0.0019783794224261949 -1.7388939101373746e-05 0.031404520929757276 0.010084250242194415
leaf_weight=36 44 212 32 30 546
leaf_count=36 44 212 32 30 546
internal_value=0.00172222 0.00232639 0.000526316 0.0025 0.0025
internal_weight=900 864 76 788 758
internal_count=900 864 76 788 758
is_linear=0
shrinkage=0.05


Tree=15
num_leaves=6
num_cat=0
split_feature=0 0 0 0 0
split_gain=1.87592 0.102131 0.0333333 2.22045e-16 2.22045e-16
threshold=3.6316900394282885 3.7791429136947654 3.7380996876836474 4.6190744389114418 3.9382866065457085
decision_type=2 2 2 2 2
left_child=-1 2 -2 4 -3
right_child=1 3 -4 -5 -6
leaf_value=-0.0065173642635524059 6.4317210078834456e-05 0.0018794604513048857 -1.6519492146297455e-05 0.02983429488326941 0.0095800377300846902
leaf_weight=32 48 212 32 30 546
leaf_count=32 48 212 32 30 546
internal_value=0.00188889 0.00232719 0.000625 0.0025 0.0025
internal_weight=900 868 80 788 758
internal_count=900 868 80 788 758
is_linear=0
shrinkage=0.05


Tree=16
num_leaves=6
num_cat=0
split_feature=0 0 0 0 0
split_gain=1.87592 0.102131 0.0333333 2.22045e-16 2.22045e-16
threshold=3.6316900394282885 3.7791429136947654 3.7380996876836474 4.6190744389114418 3.9382866065457085
decision_type=2 2 2 2 2
left_child=-1 2 -2 4 -3
right_child=1 3 -4 -5 -6
leaf_value=-0.0061914960503747897 6.1101349574898823e-05 0.0017854874287396444 -1.5693517538987191e-05 0.028342580139105955 0.0091010358435804628
leaf_weight=32 48 212 32 30 546
leaf_count=32 48 212 32 30 546
internal_value=0.00188889 0.00232719 0.000625 0.0025 0.0025
internal_weight=900 868 80 788 758
internal_count=900 868 80 788 758
is_linear=0
shrinkage=0.05


Tree=17
num_leaves=6
num_cat=0
split_feature=0 0 0 0 0
split_gain=1.87592 0.102131 0.0333333 2.22045e-16 2.22045e-16
threshold=3.6316900394282885 3.7791429136947654 3.7380996876836474 4.6190744389114418 3.9382866065457085
decision_type=2 2 2 2 2
left_child=-1 2 -2 4 -3
right_child=1 3 -4 -5 -6
leaf_value=-0.0058819212478560482 5.8046282096146646e-05 0.0016962130573026685 -1.490884166204577e-05 0.026925451132150658 0.0086459840514014463
leaf_weight=32 48 212 32 30 546
leaf_count=32 48 212 32 30 546
internal_value=0.00188889 0.00232719 0.000625 0.0025 0.0025
internal_weight=900 868 80 788 758
internal_count=900 868 80 788 758
is_linear=0
shrinkage=0.05


Tree=18
num_leaves=6
num_cat=0
split_feature=0 0 0 0 0
split_gain=1.87592 0.102131 0.0333333 2.22045e-16 2.22045e-16
threshold=3.6316900394282885 3.7791429136947654 3.7380996876836474 4.6190744389114418 3.9382866065457085
decision_type=2 2 2 2 2
left_child=-1 2 -2 4 -3
right_child=1 3 -4 -5 -6
leaf_value=-0.0055878251854632362 5.5143967991344297e-05 0.0016114024044375269 -1.4163399578940317e-05 0.025579178575543128 0.0082136848488313825
leaf_weight=32 48 212 32 30 546
leaf_count=32 48 212 32 30 546
internal_value=0.00188889 0.00232719 0.000625 0.0025 0.0025
internal_weight=900 868 80 788 758
internal_count=900 868 80 788 758
is_linear=0
shrinkage=0.05


Tree=19
num_leaves=6
num_cat=0
split_feature=0 0 0 0 0
split_gain=1.04537 0.102131 0.0333333 2.22045e-16 2.22045e-16
threshold=3.6316900394282885 3.7791429136947654 3.7380996876836474 4.6190744389114418 3.9382866065457085
decision_type=2 2 2 2 2
left_child=-1 2 -2 4 -3
right_child=1 3 -4 -5 -6
leaf_value=-0.0053084339261900704 5.2386769591772074e-05 0.001530832284215659 -1.345522959999347e-05 0.024300219646765965 0.0078030006063898099
leaf_weight=32 48 212 32 30 546
leaf_count=32 48 212 32 30 546
internal_value=0.002 0.00232719 0.000625 0.0025 0.0025
internal_weight=900 868 80 788 758
internal_count=900 868 80 788 758
is_linear=0
shrinkage=0.05


Tree=20
num_leaves=6
num_cat=0
split_feature=0 0 0 0 0
split_gain=1.04537 0.102131 0.0333333 2.22045e-16 2.22045e-16
threshold=3.6316900394282885 3.7791429136947654 3.7380996876836474 4.6190744389114418 3.9382866065457085
decision_type=2 2 2 2 2
left_child=-1 2 -2 4 -3
right_child=1 3 -4 -5 -6
leaf_value=-0.0050430122298805724 4.9767431112190671e-05 0.0014542906700048801 -1.2782468120001733e-05 0.023085208664427672 0.0074128505760703289
leaf_weight=32 48 212 32 30 546
leaf_count=32 48 212 32 30 546
internal_value=0.002 0.00232719 0.000625 0.0025 0.0025
internal_weight=900 868 80 788 758
internal_count=900 868 80 788 758
is_linear=0
shrinkage=0.05


Tree=21
num_leaves=6
num_cat=0
split_feature=0 0 1 0 0
split_gain=1.03232 0.181567 0.0406015 2.22045e-16 2.22045e-16
threshold=3.6316900394282885 3.7791429136947654 3.7450031860953183 4.6190744389114418 3.9382866065457085
decision_type=2 2 2 2 2
left_child=-1 2 -2 4 -3
right_child=1 3 -4 -5 -6
leaf_value=-0.0047908616183865334 8.2177986713510034e-05 0.0013815761365046403 -1.2614664120826434e-06 0.021930948231206272 0.0070422080472668071
leaf_weight=32 38 212 42 30 546
leaf_count=32 38 212 42 30 546
internal_value=0.00194444 0.00226959 6.51926e-11 0.0025 0.0025
internal_weight=900 868 80 788 758
internal_count=900 868 80 788 758
is_linear=0
shrinkage=0.05


Tree=22
num_leaves=6
num_cat=0
split_feature=0 0 1 0 0
split_gain=0.709683 0.181567 0.0406015 2.22045e-16 2.22045e-16
threshold=3.6316900394282885 3.7791429136947654 3.7450031860953183 4.6190744389114418 3.9382866065457085
decision_type=2 2 2 2 2
left_child=-1 2 -2 4 -3
right_child=1 3 -4 -5 -6
leaf_value=-0.004551318537467197 7.8069087377823673e-05 0.0013124973296794113 -1.1983930914718031e-06 0.020834400819645937 0.0066900976449034699
leaf_weight=32 38 212 42 30 546
leaf_count=32 38 212 42 30 546
internal_value=0.002 0.00226959 6.51926e-11 0.0025 0.0025
internal_weight=900 868 80 788 758
internal_count=900 868 80 788 758
is_linear=0
shrinkage=0.05


Tree=23
num_leaves=6
num_cat=0
split_feature=0 0 1 0 0
split_gain=0.709683 0.181567 0.0406015 2.22045e-16 2.22045e-16
threshold=3.6316900394282885 3.7791429136947654 3.7450031860953183 4.6190744389114418 3.9382866065457085
decision_type=2 2 2 2 2
left_child=-1 2 -2 4 -3
right_child=1 3 -4 -5 -6
leaf_value=-0.0043237526105938343 7.4165633008931614e-05 0.0012468724631954514 -1.1384734369003865e-06 0.019792680778663654 0.0063555927626582909
leaf_weight=32 38 212 42 30 546
leaf_count=32 38 212 42 30 546
internal_value=0.002 0.00226959 6.51926e-11 0.0025 0.0025
internal_weight=900 868 80 788 758
internal_count=900 868 80 788 758
is_linear=0
shrinkage=0.05


Tree=24
num_leaves=6
num_cat=0
split_feature=0 0 1 0 0
split_gain=0.709683 0.181567 0.0406015 2.22045e-16 2.22045e-16
threshold=3.6316900394282885 3.7791429136947654 3.7450031860953183 4.6190744389114418 3.9382866065457085
decision_type=2 2 2 2 2
left_child=-1 2 -2 4 -3
right_child=1 3 -4 -5 -6
leaf_value=-0.0041075649800641489 7.0457351358493034e-05 0.0011845288400356741 -1.081549765057541e-06 0.018803046739730479 0.0060378131245253826
leaf_weight=32 38 212 42 30 546
leaf_count=32 38 212 42 30 546
internal_value=0.002 0.00226959 6.51926e-11 0.0025 0.0025
internal_weight=900 868 80 788 758
internal_count=900 868 80 788 758
is_linear=0
shrinkage=0.05


Tree=25
num_leaves=7
num_cat=0
split_feature=0 0 1 0 0 0
split_gain=0.698941 0.20268 0.0234057 0.0047619 2.22045e-16 2.22045e-16
threshold=3.6316900394282885 3.809399602461685 3.7450031860953183 3.7591993672345478 4.5408629285696618 4.3632126378011984
decision_type=2 2 2 2 2 2
left_child=-1 2 -2 -4 5 -3
right_child=1 4 3 -5 -6 -7
leaf_value=-0.0039021867310609529 6.6934483790564176e-05 0.0033375342872570741 2.931538537750883e-06 1.5808068914601065e-05 0.018152154556056344 0.020909308449984822
leaf_weight=32 38 688 30 40 33 39
leaf_count=32 38 688 30 40 33 39
internal_value=0.00194444 0.00221198 0.000185185 -0.000357143 0.0025 0.0025
internal_weight=900 868 108 70 760 727
internal_count=900 868 108 70 760 727
is_linear=0
shrinkage=0.05


Tree=26
num_leaves=6
num_cat=0
split_feature=0 0 1 0 0
split_gain=0.705833 0.262401 0.0883275 0.0258062 2.22045e-16
threshold=3.8128526450988587 3.6316900394282885 3.8044709797341265 3.7189284440236108 4.6190744389114418
decision_type=2 2 2 2 2
left_child=1 -1 3 -3 -2
right_child=4 2 -4 -5 -6
leaf_value=-0.0037070773945079073 0.0035138844173489576 2.4810288277486044e-06 -2.4088569275540265e-05 0.00012342565021781918 0.016955286674941127
leaf_weight=32 726 35 30 47 30
leaf_count=32 726 35 30 47 30
internal_value=0.00188889 -0.00131944 -0.000178571 0.000670732 0.0025
internal_weight=900 144 112 82 756
internal_count=900 144 112 82 756
is_linear=0
shrinkage=0.05


Tree=27
num_leaves=6
num_cat=0
split_feature=0 0 1 0 0
split_gain=0.705833 0.262401 0.0883275 0.0258062 2.22045e-16
threshold=3.8128526450988587 3.6316900394282885 3.8044709797341265 3.7189284440236108 4.6190744389114418
decision_type=2 2 2 2 2
left_child=1 -1 3 -3 -2
right_child=4 2 -4 -5 -6
leaf_value=-0.0035217235247825053 0.0033381901964815068 2.3569773863627736e-06 -2.2884140811754499e-05 0.00011725436770693857 0.016107522341194083
leaf_weight=32 726 35 30 47 30
leaf_count=32 726 35 30 47 30
internal_value=0.00188889 -0.00131944 -0.000178571 0.000670732 0.0025
internal_weight=900 144 112 82 756
internal_count=900 144 112 82 756
is_linear=0
shrinkage=0.05


Tree=28
num_leaves=6
num_cat=0
split_feature=0 0 1 0 0
split_gain=0.84 0.21875 0.0753023 0.0194659 2.22045e-16
threshold=3.8128526450988587 3.6316900394282885 3.7450031860953183 3.7791429136947654 4.6190744389114418
decision_type=2 2 2 2 2
left_child=1 -1 -3 -4 -2
right_child=4 2 3 -5 -6
leaf_value=-0.0033456373485433845 0.0031712806866574308 6.3345859290336054e-05 -3.7106707832373995e-06 0.00032009657698717957 0.015302146224134373
leaf_weight=32 726 38 42 32 30
leaf_count=32 726 38 42 32 30
internal_value=0.00183333 -0.00166667 -0.000625 -0.00155405 0.0025
internal_weight=900 144 112 74 756
internal_count=900 144 112 74 756
is_linear=0
shrinkage=0.05


Tree=29
num_leaves=6
num_cat=0
split_feature=0 1 0 1 0
split_gain=0.561323 0.0388889 0.102607 0.0309353 4.44089e-16
threshold=3.8128526450988587 3.7632124842769463 3.6971664165418048 3.8497167850363287 4.419407349618389
decision_type=2 2 2 2 2
left_child=1 2 -1 -2 -5
right_child=3 -3 -4 4 -6
leaf_value=-0.0006182912498135444 0.00019939757179212594 3.0788122606474661e-06 -0.00035351638614400892 0.0038042609142947166 0.015730458576056129
leaf_weight=53 31 60 31 674 51
leaf_count=53 31 60 31 674 51
internal_value=0.00188889 -0.000972222 -0.00166667 0.00243386 0.0025
internal_weight=900 144 84 756 725
internal_count=900 144 84 756 725
is_linear=0
shrinkage=0.05


Tree=30
num_leaves=7
num_cat=0
split_feature=0 0 1 1 0 1
split_gain=0.36 0.0744932 0.0906766 0.0522273 2.22045e-16 2.22045e-16
threshold=3.8392109801073531 3.6316900394282885 3.816023461735004 3.7480472659424189 4.5408629285696618 4.1527323754727083
decision_type=2 2 2 2 2 2
left_child=1 -1 3 -3 5 -2
right_child=4 2 -4 -5 -6 -7
leaf_value=-0.003147440918625555 0.0030072500012266728 3.5254844741355281e-05 -1.524565150328377e-05 9.6075980270979601e-05 0.014039776137437255 0.010003575771728808
leaf_weight=32 464 42 55 51 33 223
leaf_count=32 464 42 55 51 33 223
internal_value=0.002 6.51926e-11 0.000472973 0.00142473 0.0025 0.0025
internal_weight=900 180 148 93 720 687
internal_count=900 180 148 93 720 687
is_linear=0
shrinkage=0.05


Tree=31
num_leaves=7
num_cat=0
split_feature=0 0 0 1 1 0
split_gain=0.452712 0.0511364 0.0900735 0.0309353 0.000825593 4.44089e-16
threshold=3.8128526450988587 3.7591993672345478 3.6316900394282885 3.8497167850363287 3.7450031860953183 4.419407349618389
decision_type=2 2 2 2 2 2
left_child=1 2 -1 -2 -4 -5
right_child=3 -3 4 5 -6 -7
leaf_value=-0.0029900688726942851 0.00018740693510773678 -1.8392856792985992e-05 8.9330386579416251e-05 0.003525785700727323 1.010471236378582e-05 0.014241946840381471
leaf_weight=32 31 44 38 674 30 51
leaf_count=32 31 44 38 674 30 51
internal_value=0.00194444 -0.000625 6.51926e-11 0.00243386 0.00102941 0.0025
internal_weight=900 144 100 756 68 725
internal_count=900 144 100 756 68 725
is_linear=0
shrinkage=0.05


Tree=32
num_leaves=7
num_cat=0
split_feature=0 0 1 1 0 1
split_gain=0.36 0.0744932 0.0906766 0.0522273 2.22045e-16 2.22045e-16
threshold=3.8392109801073531 3.6316900394282885 3.816023461735004 3.7480472659424189 4.5408629285696618 4.1527323754727083
decision_type=2 2 2 2 2 2
left_child=1 -1 3 -3 5 -2
right_child=4 2 -4 -5 -6 -7
leaf_value=-0.0028405654290595719 0.0027385324714349845 2.9025583175317743e-05 -2.0683884405076536e-05 8.6334389740387889e-05 0.012625689988546318 0.009327107698106003
leaf_weight=32 464 42 55 51 33 223
leaf_count=32 464 42 55 51 33 223
internal_value=0.002 6.51926e-11 0.000472973 0.00142473 0.0025 0.0025
internal_weight=900 180 148 93 720 687
internal_count=900 180 148 93 720 687
is_linear=0
shrinkage=0.05


Tree=33
num_leaves=7
num_cat=0
split_feature=0 0 0 1 1 0
split_gain=0.452712 0.0511364 0.0900735 0.0309353 0.000825593 4.44089e-16
threshold=3.8128526450988587 3.7591993672345478 3.6316900394282885 3.8497167850363287 3.7450031860953183 4.419407349618389
decision_type=2 2 2 2 2 2
left_child=1 2 -1 -2 -4 -5
right_child=3 -3 4 5 -6 -7
leaf_value=-0.0026985371576065953 0.00016766766881936711 -1.7241656960587581e-05 8.341258809168503e-05 0.0032824989374693188 5.2827572585804872e-06 0.012898564998935092
leaf_weight=32 31 44 38 674 30 51
leaf_count=32 31 44 38 674 30 51
internal_value=0.00194444 -0.000625 6.51926e-11 0.00243386 0.00102941 0.0025
internal_weight=900 144 100 756 68 725
internal_count=900 144 100 756 68 725
is_linear=0
shrinkage=0.05


Tree=34
num_leaves=7
num_cat=0
split_feature=0 1 1 0 0 1
split_gain=0.537778 0.0590572 0.116408 0.0460815 2.22045e-16 2.22045e-16
threshold=3.8392109801073531 3.816023461735004 3.7671127420727615 3.6316900394282885 4.5408629285696618 4.1527323754727083
decision_type=2 2 2 2 2 2
left_child=1 2 3 -1 5 -2
right_child=4 -3 -4 -5 -6 -7
leaf_value=-0.002926132907209578 0.0024374809009897855 -2.9230587415125744e-05 0.00062111602926406546 3.0782369080719606e-06 0.011349477239172234 0.00869662736632725
leaf_weight=30 464 57 35 58 33 223
leaf_count=30 464 57 35 58 33 223
internal_value=0.00188889 -0.000555555 6.09757e-05 -0.000909091 0.0025 0.0025
internal_weight=900 180 123 88 720 687
internal_count=900 180 123 88 720 687
is_linear=0
shrinkage=0.05


Tree=35
num_leaves=6
num_cat=0
split_feature=0 1 1 0 1
split_gain=0.513611 0.0590572 0.116408 0.0460815 0.0298611
threshold=3.8392109801073531 3.816023461735004 3.7671127420727615 3.6316900394282885 3.8740124570042935
decision_type=2 2 2 2 2
left_child=1 2 3 -1 -2
right_child=4 -3 -4 -5 -6
leaf_value=-0.0027798262618490945 2.4647641803521305e-05 -2.7769058044375907e-05 0.00059006022780085652 2.9243250626700388e-06 0.0038867161009887383
leaf_weight=30 32 57 35 58 688
leaf_count=30 32 57 35 58 688
internal_value=0.00183333 -0.000555555 6.09757e-05 -0.000909091 0.00243056
internal_weight=900 180 123 88 720
internal_count=900 180 123 88 720
is_linear=0
shrinkage=0.05


Tree=36
num_leaves=6
num_cat=0
split_feature=0 1 1 0 1
split_gain=0.513611 0.0590572 0.116408 0.0460815 0.0298611
threshold=3.8392109801073531 3.816023461735004 3.7671127420727615 3.6316900394282885 3.8740124570042935
decision_type=2 2 2 2 2
left_child=1 2 3 -1 -2
right_child=4 -3 -4 -5 -6
leaf_value=-0.002640834948756643 2.3415259713344128e-05 -2.6380605142146911e-05 0.00056055721641081466 2.778108809542654e-06 0.003692380295939299
leaf_weight=30 32 57 35 58 688
leaf_count=30 32 57 35 58 688
internal_value=0.00183333 -0.000555555 6.09757e-05 -0.000909091 0.00243056
internal_weight=900 180 123 88 720
internal_count=900 180 123 88 720
is_linear=0
shrinkage=0.05


Tree=37
num_leaves=6
num_cat=0
split_feature=0 1 1 0 1
split_gain=0.513611 0.0590572 0.116408 0.0460815 0.0298611
threshold=3.8392109801073531 3.816023461735004 3.7671127420727615 3.6316900394282885 3.8740124570042935
decision_type=2 2 2 2 2
left_child=1 2 3 -1 -2
right_child=4 -3 -4 -5 -6
leaf_value=-0.0025087932013188041 2.2244496727674701e-05 -2.5061574885039352e-05 0.00053252935559026926 2.639203369059426e-06 0.0035077612811423384
leaf_weight=30 32 57 35 58 688
leaf_count=30 32 57 35 58 688
internal_value=0.00183333 -0.000555555 6.09757e-05 -0.000909091 0.00243056
internal_weight=900 180 123 88 720
internal_count=900 180 123 88 720
is_linear=0
shrinkage=0.05


Tree=38
num_leaves=9
num_cat=0
split_feature=0 1 1 0 1 1 0 0
split_gain=0.49 0.0590572 0.116408 0.0460815 0.0271479 0.00918481 0.0206117 2.22045e-16
threshold=3.8392109801073531 3.816023461735004 3.7671127420727615 3.6316900394282885 3.8740124570042935 3.9469477591243503 3.9046571963919332 4.5408629285696618
decision_type=2 2 2 2 2 2 2 2
left_child=1 2 3 -1 -2 6 -6 -7
right_child=4 -3 -4 -5 5 7 -8 -9
leaf_value=-0.0023833535412528754 2.1132271891288747e-05 -2.380849614078273e-05 0.00050590288781075788 2.5072432006003595e-06 0.0021492492327338077 0.0039338282619068464 0.00066367660997279643 0.010227660493310121
leaf_weight=30 32 57 35 58 62 561 32 33
leaf_count=30 32 57 35 58 62 561 32 33
internal_value=0.00177778 -0.000555555 6.09757e-05 -0.000909091 0.00236111 0.00242733 0.00196809 0.0025
internal_weight=900 180 123 88 720 688 94 594
internal_count=900 180 123 88 720 688 94 594
is_linear=0
shrinkage=0.05


Tree=39
num_leaves=9
num_cat=0
split_feature=0 1 1 0 1 1 0 0
split_gain=0.49 0.0590572 0.116408 0.0460815 0.0271479 0.00918481 0.0206117 2.22045e-16
threshold=3.8392109801073531 3.816023461735004 3.7671127420727615 3.6316900394282885 3.8740124570042935 3.9469477591243503 3.9046571963919332 4.5408629285696618
decision_type=2 2 2 2 2 2 2 2
left_child=1 2 3 -1 -2 6 -6 -7
right_child=4 -3 -4 -5 5 7 -8 -9
leaf_value=-0.0022641858641902382 2.0075658296714317e-05 -2.2618071333742274e-05 0.00048060774342022211 2.3818810405697976e-06 0.0020417867710971205 0.0037371368488114953 0.00063049277947415663 0.0097162774686446081
leaf_weight=30 32 57 35 58 62 561 32 33
leaf_count=30 32 57 35 58 62 561 32 33
internal_value=0.00177778 -0.000555555 6.09757e-05 -0.000909091 0.00236111 0.00242733 0.00196809 0.0025
internal_weight=900 180 123 88 720 688 94 594
internal_count=900 180 123 88 720 688 94 594
is_linear=0
shrinkage=0.05


Tree=40
num_leaves=9
num_cat=0
split_feature=0 0 0 0 1 1 0 0
split_gain=0.587778 0.128476 0.074802 0.0384615 0.0271479 0.00918481 0.0206117 2.22045e-16
threshold=3.8392109801073531 3.8060519225252345 3.6316900394282885 3.7446853734166301 3.8740124570042935 3.9469477591243503 3.9046571963919332 4.5408629285696618
decision_type=2 2 2 2 2 2 2 2
left_child=1 2 -1 -4 -2 6 -6 -7
right_child=4 -3 3 -5 5 7 -8 -9
leaf_value=-0.0017884539634974274 1.9071875381881932e-05 -1.9651147448122633e-05 5.7487152889445997e-05 8.7137441983214676e-08 0.0019396974325422535 0.0035502800063709206 0.00059896814050044436 0.0092304635952123789
leaf_weight=32 32 44 52 52 62 561 32 33
leaf_count=32 32 44 52 52 62 561 32 33
internal_value=0.00172222 -0.000833333 -7.35293e-05 0.000576923 0.00236111 0.00242733 0.00196809 0.0025
internal_weight=900 180 136 104 720 688 94 594
internal_count=900 180 136 104 720 688 94 594
is_linear=0
shrinkage=0.05


Tree=41
num_leaves=9
num_cat=0
split_feature=0 0 0 0 1 1 0 0
split_gain=0.587778 0.128476 0.074802 0.0384615 0.0271479 0.00918481 0.0206117 2.22045e-16
threshold=3.8392109801073531 3.8060519225252345 3.6316900394282885 3.7446853734166301 3.8740124570042935 3.9469477591243503 3.9046571963919332 4.5408629285696618
decision_type=2 2 2 2 2 2 2 2
left_child=1 2 -1 -4 -2 6 -6 -7
right_child=4 -3 3 -5 5 7 -8 -9
leaf_value=-0.0016990312653225592 1.8118281612777844e-05 -1.8668590075725025e-05 5.4612795244968142e-05 8.2780569875678679e-08 0.0018427125609151497 0.0033727660060523857 0.00056901973347542876 0.008768940415451754
leaf_weight=32 32 44 52 52 62 561 32 33
leaf_count=32 32 44 52 52 62 561 32 33
internal_value=0.00172222 -0.000833333 -7.35293e-05 0.000576923 0.00236111 0.00242733 0.00196809 0.0025
internal_weight=900 180 136 104 720 688 94 594
internal_count=900 180 136 104 720 688 94 594
is_linear=0
shrinkage=0.05


Tree=42
num_leaves=9
num_cat=0
split_feature=0 0 1 0 1 1 0 0
split_gain=0.587778 0.128476 0.0696301 0.123524 0.0271479 0.00918481 0.0206117 2.22045e-16
threshold=3.8392109801073531 3.8060519225252345 3.7671127420727615 3.6971664165418048 3.8740124570042935 3.9469477591243503 3.9046571963919332 4.5408629285696618
decision_type=2 2 2 2 2 2 2 2
left_child=1 2 3 -1 -2 6 -6 -7
right_child=4 -3 -4 -5 5 7 -8 -9
leaf_value=1.5760487247731293e-05 1.7212367532137842e-05 -1.7735160571945079e-05 0.00048411571819073585 -0.00020913502527508421 0.0017505769328693965 0.0032041277057497822 0.0005405687468016618 0.0083304933946791501
leaf_weight=53 32 44 48 35 62 561 32 33
leaf_count=53 32 44 48 35 62 561 32 33
internal_value=0.00172222 -0.000833333 -7.35293e-05 -0.000909091 0.00236111 0.00242733 0.00196809 0.0025
internal_weight=900 180 136 88 720 688 94 594
internal_count=900 180 136 88 720 688 94 594
is_linear=0
shrinkage=0.05


Tree=43
num_leaves=10
num_cat=0
split_feature=0 0 1 0 0 1 1 0 0
split_gain=0.380278 0.19645 0.0540237 0.0366914 0.0357143 0.0216835 0.015625 0.00634921 2.22045e-16
threshold=3.8392109801073531 3.8060519225252345 3.7480472659424189 3.8984148361457698 3.8603877885833069 3.9469477591243503 3.7882941247681909 3.6316900394282885 4.2504222376372311
decision_type=2 2 2 2 2 2 2 2 2
left_child=1 2 7 4 -2 -5 -4 -1 -7
right_child=3 -3 6 5 -6 8 -8 -9 -10
leaf_value=-0.0019773903339021181 3.3666458460405028e-05 -1.6848402543338583e-05 1.213299920607589e-05 0.0008246169569958939 0.0009633938829446409 0.0027928522691986314 0.00050498772128352947 1.619520292334638e-05 0.011098321451555145
leaf_weight=30 36 44 32 43 48 464 32 42 129
leaf_count=30 36 44 32 43 48 464 32 42 129
internal_value=0.00177778 -0.000277778 0.000661765 0.00229167 0.00130952 0.00242138 0.00171875 -0.000277778 0.0025
internal_weight=900 180 136 720 84 636 64 72 593
internal_count=900 180 136 720 84 636 64 72 593
is_linear=0
shrinkage=0.05


Tree=44
num_leaves=10
num_cat=0
split_feature=0 0 1 0 0 1 1 0 0
split_gain=0.380278 0.19645 0.0540237 0.0366914 0.0357143 0.0216835 0.015625 0.00634921 2.22045e-16
threshold=3.8392109801073531 3.8060519225252345 3.7480472659424189 3.8984148361457698 3.8603877885833069 3.9469477591243503 3.7882941247681909 3.6316900394282885 4.2504222376372311
decision_type=2 2 2 2 2 2 2 2 2
left_child=1 2 7 4 -2 -5 -4 -1 -7
right_child=3 -3 6 5 -6 8 -8 -9 -10
leaf_value=-0.0018785208172070079 3.1983135537375501e-05 -1.6005982416171298e-05 1.1526349245765101e-05 0.00078338610914610032 0.00091522418879741441 0.0026532096557386978 0.00047973833521934394 1.5385442777187635e-05 0.010543405378977407
leaf_weight=30 36 44 32 43 48 464 32 42 129
leaf_count=30 36 44 32 43 48 464 32 42 129
internal_value=0.00177778 -0.000277778 0.000661765 0.00229167 0.00130952 0.00242138 0.00171875 -0.000277778 0.0025
internal_weight=900 180 136 720 84 636 64 72 593
internal_count=900 180 136 720 84 636 64 72 593
is_linear=0
shrinkage=0.05


Tree=45
num_leaves=8
num_cat=0
split_feature=0 0 0 1 1 1 1
split_gain=0.361413 0.0771212 0.19645 0.117642 0.0540237 0.0469767 0.0230533
threshold=3.9604214991964861 3.8392109801073531 3.8060519225252345 3.944797028953785 3.7480472659424189 3.9680260156826521 3.8740124570042935
decision_type=2 2 2 2 2 2 2
left_child=1 2 4 6 -1 -5 -3
right_child=-2 3 -4 5 -6 -7 -8
leaf_value=-0.00029948255021097531 0.0036060033963603911 1.3069269455634469e-05 -1.5205683295353493e-05 -4.0362069631560972e-05 5.9553717454480459e-05 0.0010929129622385236 0.00147951233161836
leaf_weight=72 532 32 44 35 64 31 90
leaf_count=72 532 32 44 35 64 31 90
internal_value=0.00166667 0.000461957 -0.000277778 0.00117021 0.000661765 -0.000530303 0.00209016
internal_weight=900 368 180 188 136 66 122
internal_count=900 368 180 188 136 66 122
is_linear=0
shrinkage=0.05


Tree=46
num_leaves=9
num_cat=0
split_feature=0 0 0 0 1 0 1 0
split_gain=0.36 0.19645 0.0628842 0.0655346 0.0540237 0.021978 0.015625 0.00634921
threshold=3.8392109801073531 3.8060519225252345 3.9604214991964861 3.9426830167682665 3.7480472659424189 3.8984148361457698 3.7882941247681909 3.6316900394282885
decision_type=2 2 2 2 2 2 2 2
left_child=1 4 3 5 7 -2 -6 -1
right_child=2 -3 -4 -5 6 -7 -8 -9
leaf_value=-0.0017696206488361011 4.0593603431962116e-05 -1.4445399130595451e-05 0.0034257032265423873 -2.785955310832465e-05 7.9723459107605481e-06 0.0022122759936041266 0.00045277373258564943 2.9590298148878775e-05
leaf_weight=30 84 44 532 32 32 72 32 42
leaf_count=30 84 44 532 32 32 72 32 42
internal_value=0.00172222 -0.000277778 0.00222222 0.00143617 0.000661765 0.00185897 0.00171875 -0.000277778
internal_weight=900 180 720 188 136 156 64 72
internal_count=900 180 720 188 136 156 64 72
is_linear=0
shrinkage=0.05


Tree=47
num_leaves=8
num_cat=0
split_feature=0 0 0 1 1 1 1
split_gain=0.361413 0.0771212 0.19645 0.117642 0.0540237 0.0469767 0.0230533
threshold=3.9604214991964861 3.8392109801073531 3.8060519225252345 3.944797028953785 3.7480472659424189 3.9680260156826521 3.8740124570042935
decision_type=2 2 2 2 2 2 2
left_child=1 2 4 6 -1 -5 -3
right_child=-2 3 -4 5 -6 -7 -8
leaf_value=-0.00028598793760788204 0.0032544180652152479 1.0386125811256975e-05 -1.3723129174063101e-05 -0.0001153557354668646 5.2841402842252528e-05 0.0010396602917820187 0.0014035070348658474
leaf_weight=72 532 32 44 35 64 31 90
leaf_count=72 532 32 44 35 64 31 90
internal_value=0.00166667 0.000461957 -0.000277778 0.00117021 0.000661765 -0.000530303 0.00209016
internal_weight=900 368 180 188 136 66 122
internal_count=900 368 180 188 136 66 122
is_linear=0
shrinkage=0.05


Tree=48
num_leaves=6
num_cat=0
split_feature=0 0 0 0 0
split_gain=0.464215 0.0999152 0.178395 0.160665 0.0198413
threshold=3.9604214991964861 3.9382866065457085 3.8392109801073531 3.8060519225252345 3.8984148361457698
decision_type=2 2 2 2 2
left_child=1 2 3 -1 -4
right_child=-2 -3 4 -5 -6
leaf_value=5.672044395614266e-06 0.0030916971619544768 -9.1192913634843077e-05 3.8044616969792391e-05 -1.303697271536736e-05 0.0031000435687886757
leaf_weight=136 532 44 84 44 60
leaf_count=136 532 44 84 44 60
internal_value=0.00155556 0.000190217 0.000493827 -0.000555555 0.00180556
internal_weight=900 368 324 180 144
internal_count=900 368 324 180 144
is_linear=0
shrinkage=0.05


Tree=49
num_leaves=6
num_cat=0
split_feature=0 0 0 0 0
split_gain=0.464215 0.0999152 0.178395 0.160665 0.0198413
threshold=3.9604214991964861 3.9382866065457085 3.8392109801073531 3.8060519225252345 3.8984148361457698
decision_type=2 2 2 2 2
left_child=1 2 3 -1 -4
right_child=-2 -3 4 -5 -6
leaf_value=5.3884421758392955e-06 0.0029371123038567596 -8.6633267953108793e-05 3.6142386121309548e-05 -1.2385124079609737e-05 0.0029450413903492527
leaf_weight=136 532 44 84 44 60
leaf_count=136 532 44 84 44 60
internal_value=0.00155556 0.000190217 0.000493827 -0.000555555 0.00180556
internal_weight=900 368 324 180 144
internal_count=900 368 324 180 144
is_linear=0
shrinkage=0.05


Tree=50
num_leaves=6
num_cat=0
split_feature=0 0 0 0 1
split_gain=0.48375 0.126017 0.157333 0.160665 0.0739677
threshold=3.9725161297518428 3.9474798436206497 3.8392109801073531 3.8060519225252345 3.955320754398751
decision_type=2 2 2 2 2
left_child=1 2 3 -1 -4
right_child=-2 -3 4 -5 -6
leaf_value=5.1190200670386413e-06 0.0030686305870565537 -0.00011352015956154591 0.00045174527895342794 -1.1765867875627782e-05 0.0004729105549999169
leaf_weight=136 516 40 131 44 33
leaf_count=136 516 40 131 44 33
internal_value=0.0015 0.00015625 0.000465116 -0.000555555 0.00158537
internal_weight=900 384 344 180 164
internal_count=900 384 344 180 164
is_linear=0
shrinkage=0.05


Tree=51
num_leaves=7
num_cat=0
split_feature=0 1 0 0 1 1
split_gain=0.597222 0.10727 0.39682 0.207692 0.242308 0.0917832
threshold=3.9725161297518428 3.8648207582108625 3.8060519225252345 3.9474798436206497 3.9614102433110179 3.7671127420727615
decision_type=2 2 2 2 2 2
left_child=1 2 5 4 -3 -1
right_child=-2 3 -4 -5 -6 -7
leaf_value=-2.2103117700616354e-07 0.0029151990577037435 0.0013671092507228652 -2.1997062365676496e-05 -0.00010784415158347325 -0.00012427700951111287 0.00046101967918573718
leaf_weight=88 516 126 58 40 30 42
leaf_count=88 516 126 58 40 30 42
internal_value=0.00138889 -0.000104167 -0.000957447 0.000714286 0.00153846 0.000576923
internal_weight=900 384 188 196 156 130
internal_count=900 384 188 196 156 130
is_linear=0
shrinkage=0.05


Tree=52
num_leaves=9
num_cat=0
split_feature=1 0 0 1 1 0 1 0
split_gain=0.548387 0.39682 0.133112 0.225417 0.0917832 0.0485236 0.0391264 5.55112e-17
threshold=3.8648207582108625 3.8060519225252345 3.9725161297518428 3.944797028953785 3.7671127420727615 3.6971664165418048 3.9809971099629489 3.8893933409099755
decision_type=2 2 2 2 2 2 2 2
left_child=1 4 3 7 5 -1 -5 -2
right_child=2 -3 -4 6 -6 -7 -8 -9
leaf_value=8.0001077365446361e-05 0.0012987324746088547 -2.0897209247384969e-05 0.0027694391048185721 0.00058784708455262322 0.00043796869522644315 -0.00019665264398444323 -0.00012590510088423998 0.0015695672148210032
leaf_weight=53 58 58 516 57 42 35 31 50
leaf_count=53 58 58 516 57 42 35 31 50
internal_value=0.00144444 -0.000957447 0.00207865 0.000969388 0.000576923 -0.000340909 -0.000909091 0.0025
internal_weight=900 188 712 196 130 88 88 108
internal_count=900 188 712 196 130 88 88 108
is_linear=0
shrinkage=0.05


Tree=53
num_leaves=6
num_cat=0
split_feature=0 0 1 0 1
split_gain=0.538993 0.113966 0.16958 0.460568 0.242308
threshold=3.9725161297518428 3.9474798436206497 3.8648207582108625 3.8060519225252345 3.9614102433110179
decision_type=2 2 2 2 2
left_child=1 2 3 -1 -4
right_child=-2 -3 4 -5 -6
leaf_value=2.3952769160097881e-05 0.0026309671495776234 -0.00012385796717498968 0.0012236608629595069 -1.9852348785011349e-05 -0.00013052089462700045
leaf_weight=130 516 40 126 58 30
leaf_count=130 516 40 126 58 30
internal_value=0.00144444 2.60417e-05 0.000319768 -0.000691489 0.00153846
internal_weight=900 384 344 188 156
internal_count=900 384 344 188 156
is_linear=0
shrinkage=0.05


Tree=54
num_leaves=6
num_cat=0
split_feature=0 1 0 1 0
split_gain=0.529301 0.215969 0.142903 0.260706 2.22045e-16
threshold=3.9736289434220127 3.9843139112300925 3.9382866065457085 3.8648207582108625 4.4283871272806747
decision_type=2 2 2 2 2
left_child=1 2 3 -1 -2
right_child=4 -3 -4 -5 -6
leaf_value=-6.9956198805527607e-06 0.0024841135053865317 -0.00011325037428752623 -0.00012421157138525109 0.0015225581533120213 0.0063112436454188627
leaf_weight=188 464 31 41 128 48
leaf_count=188 464 31 41 128 48
internal_value=0.00144444 5.15465e-05 0.00039916 0.000759494 0.0025
internal_weight=900 388 357 316 512
internal_count=900 388 357 316 512
is_linear=0
shrinkage=0.05


Tree=55
num_leaves=6
num_cat=0
split_feature=0 1 0 1 0
split_gain=0.529301 0.215969 0.142903 0.260706 2.22045e-16
threshold=3.9736289434220127 3.9843139112300925 3.9382866065457085 3.8648207582108625 4.4283871272806747
decision_type=2 2 2 2 2
left_child=1 2 3 -1 -2
right_child=4 -3 -4 -5 -6
leaf_value=-6.6458388865171625e-06 0.0023599078301172142 -0.0001075878555731596 -0.00011800099281600762 0.0014464302456464193 0.005995681463147929
leaf_weight=188 464 31 41 128 48
leaf_count=188 464 31 41 128 48
internal_value=0.00144444 5.15465e-05 0.00039916 0.000759494 0.0025
internal_weight=900 388 357 316 512
internal_count=900 388 357 316 512
is_linear=0
shrinkage=0.05


Tree=56
num_leaves=6
num_cat=0
split_feature=0 1 0 1 0
split_gain=0.529301 0.215969 0.142903 0.260706 2.22045e-16
threshold=3.9736289434220127 3.9843139112300925 3.9382866065457085 3.8648207582108625 4.4283871272806747
decision_type=2 2 2 2 2
left_child=1 2 3 -1 -2
right_child=4 -3 -4 -5 -6
leaf_value=-6.3135469422011085e-06 0.0022419124386113599 -0.0001022084627945113 -0.00011210094317520192 0.0013741087333641053 0.0056958973899905452
leaf_weight=188 464 31 41 128 48
leaf_count=188 464 31 41 128 48
internal_value=0.00144444 5.15465e-05 0.00039916 0.000759494 0.0025
internal_weight=900 388 357 316 512
internal_count=900 388 357 316 512
is_linear=0
shrinkage=0.05


Tree=57
num_leaves=6
num_cat=0
split_feature=0 1 0 1 0
split_gain=0.529301 0.215969 0.142903 0.260706 2.22045e-16
threshold=3.9736289434220127 3.9843139112300925 3.9382866065457085 3.8648207582108625 4.4283871272806747
decision_type=2 2 2 2 2
left_child=1 2 3 -1 -2
right_child=4 -3 -4 -5 -6
leaf_value=-5.9978695950941957e-06 0.0021298168166807852 -9.7098039654779878e-05 -0.00010649589601643873 0.0013054032966958904 0.0054111025204909959
leaf_weight=188 464 31 41 128 48
leaf_count=188 464 31 41 128 48
internal_value=0.00144444 5.15465e-05 0.00039916 0.000759494 0.0025
internal_weight=900 388 357 316 512
internal_count=900 388 357 316 512
is_linear=0
shrinkage=0.05


Tree=58
num_leaves=6
num_cat=0
split_feature=0 1 0 1 1
split_gain=0.542881 0.202288 0.128853 0.195733 0.0303049
threshold=3.9736289434220127 3.9843139112300925 3.9382866065457085 3.8648207582108625 4.0078543100258495
decision_type=2 2 2 2 2
left_child=1 2 3 -1 -2
right_child=4 -3 -4 -5 -6
leaf_value=-5.6979761153337473e-06 0.00064203483450047121 -9.224313767203724e-05 -0.00010117110121561813 0.0012401331318610941 0.0028852675631009465
leaf_weight=188 31 31 41 128 481
leaf_count=188 31 31 41 128 481
internal_value=0.00133333 -7.73195e-05 0.000259104 0.000601266 0.00240234
internal_weight=900 388 357 316 512
internal_count=900 388 357 316 512
is_linear=0
shrinkage=0.05


Tree=59
num_leaves=6
num_cat=0
split_feature=0 1 0 1 1
split_gain=0.542881 0.202288 0.128853 0.195733 0.0303049
threshold=3.9736289434220127 3.9843139112300925 3.9382866065457085 3.8648207582108625 4.0078543100258495
decision_type=2 2 2 2 2
left_child=1 2 3 -1 -2
right_child=4 -3 -4 -5 -6
leaf_value=-5.4130773095646513e-06 0.00060993309277543881 -8.7630980788427307e-05 -9.6112546154829685e-05 0.0011781264752680331 0.0027410041849459167
leaf_weight=188 31 31 41 128 481
leaf_count=188 31 31 41 128 481
internal_value=0.00133333 -7.73195e-05 0.000259104 0.000601266 0.00240234
internal_weight=900 388 357 316 512
internal_count=900 388 357 316 512
is_linear=0
shrinkage=0.05


Tree=60
num_leaves=6
num_cat=0
split_feature=0 1 0 1 1
split_gain=0.542881 0.202288 0.128853 0.195733 0.0303049
threshold=3.9736289434220127 3.9843139112300925 3.9382866065457085 3.8648207582108625 4.0078543100258495
decision_type=2 2 2 2 2
left_child=1 2 3 -1 -2
right_child=4 -3 -4 -5 -6
leaf_value=-5.142423444089561e-06 0.00057943643813667127 -8.3249431749015624e-05 -9.1306918847093989e-05 0.0011192201515046361 0.0026039539756986143
leaf_weight=188 31 31 41 128 481
leaf_count=188 31 31 41 128 481
internal_value=0.00133333 -7.73195e-05 0.000259104 0.000601266 0.00240234
internal_weight=900 388 357 316 512
internal_count=900 388 357 316 512
is_linear=0
shrinkage=0.05


Tree=61
num_leaves=6
num_cat=0
split_feature=0 1 0 1 1
split_gain=0.542881 0.202288 0.128853 0.195733 0.0303049
threshold=3.9736289434220127 3.9843139112300925 3.9382866065457085 3.8648207582108625 4.0078543100258495
decision_type=2 2 2 2 2
left_child=1 2 3 -1 -2
right_child=4 -3 -4 -5 -6
leaf_value=-4.8853022718915563e-06 0.00055046461622985097 -7.9086960161561202e-05 -8.6741572904740617e-05 0.0010632591439294025 0.0024737562769136636
leaf_weight=188 31 31 41 128 481
leaf_count=188 31 31 41 128 481
internal_value=0.00133333 -7.73195e-05 0.000259104 0.000601266 0.00240234
internal_weight=900 388 357 316 512
internal_count=900 388 357 316 512
is_linear=0
shrinkage=0.05


Tree=62
num_leaves=6
num_cat=0
split_feature=0 1 0 1 1
split_gain=0.542881 0.202288 0.128853 0.195733 0.0303049
threshold=3.9736289434220127 3.9843139112300925 3.9382866065457085 3.8648207582108625 4.0078543100258495
decision_type=2 2 2 2 2
left_child=1 2 3 -1 -2
right_child=4 -3 -4 -5 -6
leaf_value=-4.6410371582890182e-06 0.00052294138541837405 -7.513261215348838e-05 -8.2404494259496049e-05 0.0010100961867329403 0.0023500684630680005
leaf_weight=188 31 31 41 128 481
leaf_count=188 31 31 41 128 481
internal_value=0.00133333 -7.73195e-05 0.000259104 0.000601266 0.00240234
internal_weight=900 388 357 316 512
internal_count=900 388 357 316 512
is_linear=0
shrinkage=0.05


Tree=63
num_leaves=6
num_cat=0
split_feature=0 1 0 1 1
split_gain=0.542881 0.202288 0.128853 0.195733 0.0303049
threshold=3.9736289434220127 3.9843139112300925 3.9382866065457085 3.8648207582108625 4.0078543100258495
decision_type=2 2 2 2 2
left_child=1 2 3 -1 -2
right_child=4 -3 -4 -5 -6
leaf_value=-4.4089853003821509e-06 0.00049679431614744194 -7.1375981545823095e-05 -7.8284269546529246e-05 0.00095959137739630256 0.0022325650399146026
leaf_weight=188 31 31 41 128 481
leaf_count=188 31 31 41 128 481
internal_value=0.00133333 -7.73195e-05 0.000259104 0.000601266 0.00240234
internal_weight=900 388 357 316 512
internal_count=900 388 357 316 512
is_linear=0
shrinkage=0.05


Tree=64
num_leaves=6
num_cat=0
split_feature=0 1 0 1 1
split_gain=0.542881 0.202288 0.128853 0.195733 0.0303049
threshold=3.9736289434220127 3.9843139112300925 3.9382866065457085 3.8648207582108625 4.0078543100258495
decision_type=2 2 2 2 2
left_child=1 2 3 -1 -2
right_child=4 -3 -4 -5 -6
leaf_value=-4.1885360353617451e-06 0.00047195460034008544 -6.7807182468542727e-05 -7.4370056069188579e-05 0.00091161180852648664 0.0021209367879188703
leaf_weight=188 31 31 41 128 481
leaf_count=188 31 31 41 128 481
internal_value=0.00133333 -7.73195e-05 0.000259104 0.000601266 0.00240234
internal_weight=900 388 357 316 512
internal_count=900 388 357 316 512
is_linear=0
shrinkage=0.05


Tree=65
num_leaves=6
num_cat=0
split_feature=0 1 0 1 1
split_gain=0.542881 0.202288 0.128853 0.195733 0.0303049
threshold=3.9736289434220127 3.9843139112300925 3.9382866065457085 3.8648207582108625 4.0078543100258495
decision_type=2 2 2 2 2
left_child=1 2 3 -1 -2
right_child=4 -3 -4 -5 -6
leaf_value=-3.9791092335945795e-06 0.00044835687032307447 -6.4416823345108632e-05 -7.0651553265737151e-05 0.00086603121810016701 0.0020148899485229244
leaf_weight=188 31 31 41 128 481
leaf_count=188 31 31 41 128 481
internal_value=0.00133333 -7.73195e-05 0.000259104 0.000601266 0.00240234
internal_weight=900 388 357 316 512
internal_count=900 388 357 316 512
is_linear=0
shrinkage=0.05


Tree=66
num_leaves=6
num_cat=0
split_feature=0 1 0 1 1
split_gain=0.542881 0.202288 0.128853 0.195733 0.0303049
threshold=3.9736289434220127 3.9843139112300925 3.9382866065457085 3.8648207582108625 4.0078543100258495
decision_type=2 2 2 2 2
left_child=1 2 3 -1 -2
right_child=4 -3 -4 -5 -6
leaf_value=-3.7801537719113316e-06 0.00042593902680692079 -6.1195982177857883e-05 -6.7118975602458293e-05 0.00082272965719514901 0.0019141454510967827
leaf_weight=188 31 31 41 128 481
leaf_count=188 31 31 41 128 481
internal_value=0.00133333 -7.73195e-05 0.000259104 0.000601266 0.00240234
internal_weight=900 388 357 316 512
internal_count=900 388 357 316 512
is_linear=0
shrinkage=0.05


Tree=67
num_leaves=7
num_cat=0
split_feature=0 1 0 1 1 0
split_gain=0.500963 0.202288 0.128853 0.195733 0.0649148 2.22045e-16
threshold=3.9736289434220127 3.9843139112300925 3.9382866065457085 3.8648207582108625 4.0234170194334711 4.5408629285696618
decision_type=2 2 2 2 2 2
left_child=1 2 3 -1 -2 -6
right_child=4 -3 -4 -5 5 -7
leaf_value=-3.5911460833222382e-06 0.00032233841874766429 -5.8136183068973562e-05 -6.376302682234337e-05 0.00078159317433539966 0.0023139044502382485 0.0032093982452528814
leaf_weight=188 55 31 41 128 424 33
leaf_count=188 55 31 41 128 424 33
internal_value=0.00127778 -7.73195e-05 0.000259104 0.000601266 0.00230469 0.0025
internal_weight=900 388 357 316 512 457
internal_count=900 388 357 316 512 457
is_linear=0
shrinkage=0.05


Tree=68
num_leaves=7
num_cat=0
split_feature=0 1 0 1 1 0
split_gain=0.500963 0.202288 0.128853 0.195733 0.0649148 2.22045e-16
threshold=3.9736289434220127 3.9843139112300925 3.9382866065457085 3.8648207582108625 4.0234170194334711 4.5408629285696618
decision_type=2 2 2 2 2 2
left_child=1 2 3 -1 -2 -6
right_child=4 -3 -4 -5 5 -7
leaf_value=-3.4115887791637096e-06 0.00030622149781027192 -5.5229373915515693e-05 -6.0574875481238645e-05 0.00074251351561863219 0.0021982092277263352 0.0030489283329902419
leaf_weight=188 55 31 41 128 424 33
leaf_count=188 55 31 41 128 424 33
internal_value=0.00127778 -7.73195e-05 0.000259104 0.000601266 0.00230469 0.0025
internal_weight=900 388 357 316 512 457
internal_count=900 388 357 316 512 457
is_linear=0
shrinkage=0.05


Tree=69
num_leaves=7
num_cat=0
split_feature=0 1 0 1 1 0
split_gain=0.448225 0.215969 0.142903 0.156816 0.0649148 2.22045e-16
threshold=3.9736289434220127 3.9843139112300925 3.9382866065457085 3.8648207582108625 4.0234170194334711 4.5408629285696618
decision_type=2 2 2 2 2 2
left_child=1 2 3 -1 -2 -6
right_child=4 -3 -4 -5 5 -7
leaf_value=-3.2410093402119975e-06 0.00029091042291974921 -5.2467905219749037e-05 -5.7546131707191378e-05 0.00070538783983769649 0.0020882987663400038 0.0028964819163407097
leaf_weight=188 55 31 41 128 424 33
leaf_count=188 55 31 41 128 424 33
internal_value=0.00133333 5.15465e-05 0.00039916 0.000759494 0.00230469 0.0025
internal_weight=900 388 357 316 512 457
internal_count=900 388 357 316 512 457
is_linear=0
shrinkage=0.05


Tree=70
num_leaves=8
num_cat=0
split_feature=0 1 1 0 0 1 0
split_gain=0.401132 0.154518 0.0787542 0.459646 0.100266 0.0301394 2.22045e-16
threshold=4.0009670040999188 3.9993857833972815 3.8648207582108625 3.8295359724669233 3.9382866065457085 4.0345674298340368 4.0591542696198362
decision_type=2 2 2 2 2 2 2
left_child=1 2 3 -1 -4 -2 -7
right_child=5 -3 4 -5 -6 6 -8
leaf_value=1.4116793750025516e-05 0.00053803101325224523 -4.6995410725670359e-05 0.00067011844784581982 -6.0424802905355248e-05 -1.7433491927727479e-05 0.00093892949016161076 0.0032217324857220782
leaf_weight=158 31 38 128 30 74 73 368
leaf_count=158 31 38 128 30 74 73 368
internal_value=0.00138889 0.000280374 0.000576923 -0.000159574 0.00126238 0.00239407 0.0025
internal_weight=900 428 390 188 202 472 441
internal_count=900 428 390 188 202 472 441
is_linear=0
shrinkage=0.05


Tree=71
num_leaves=8
num_cat=0
split_feature=0 1 1 0 0 1 0
split_gain=0.448225 0.215969 0.108039 0.417564 0.13265 0.0649148 2.22045e-16
threshold=3.9736289434220127 3.9843139112300925 3.8648207582108625 3.8295359724669233 3.9382866065457085 4.0234170194334711 4.5408629285696618
decision_type=2 2 2 2 2 2 2
left_child=1 2 3 -1 -4 -2 -7
right_child=5 -3 4 -5 -6 6 -8
leaf_value=1.3410954062527361e-05 0.00027827124358753298 -4.7494739422487218e-05 0.00063661252545353468 -5.7403562760092967e-05 -5.3797150525474308e-05 0.0018530872152056916 0.0025905711962376011
leaf_weight=158 55 31 128 30 41 424 33
leaf_count=158 55 31 128 30 41 424 33
internal_value=0.00133333 5.15465e-05 0.00039916 -0.000425532 0.00131657 0.00230469 0.0025
internal_weight=900 388 357 188 169 512 457
internal_count=900 388 357 188 169 512 457
is_linear=0
shrinkage=0.05


Tree=72
num_leaves=8
num_cat=0
split_feature=0 1 1 0 0 1 0
split_gain=0.401132 0.154518 0.0787542 0.254155 0.100266 0.0301394 2.22045e-16
threshold=4.0009670040999188 3.9993857833972815 3.8648207582108625 3.809399602461685 3.9382866065457085 4.0345674298340368 4.0591542696198362
decision_type=2 2 2 2 2 2 2
left_child=1 2 3 -1 -4 -2 -7
right_child=5 -3 4 -5 -6 6 -8
leaf_value=1.5679195157142024e-05 0.00045784549935982662 -4.2270903218259422e-05 0.00060478189918085714 -1.7226296082846155e-05 -1.3871959805085162e-05 0.00079932865489324996 0.0029679915006757202
leaf_weight=134 31 38 128 54 74 73 368
leaf_count=134 31 38 128 54 74 73 368
internal_value=0.00138889 0.000280374 0.000576923 -0.000159574 0.00126238 0.00239407 0.0025
internal_weight=900 428 390 188 202 472 441
internal_count=900 428 390 188 202 472 441
is_linear=0
shrinkage=0.05


Tree=73
num_leaves=8
num_cat=0
split_feature=0 1 1 0 0 1 0
split_gain=0.401132 0.154518 0.0787542 0.254155 0.100266 0.0301394 2.22045e-16
threshold=4.0009670040999188 3.9993857833972815 3.8648207582108625 3.809399602461685 3.9382866065457085 4.0345674298340368 4.0591542696198362
decision_type=2 2 2 2 2 2 2
left_child=1 2 3 -1 -4 -2 -7
right_child=5 -3 4 -5 -6 6 -8
leaf_value=1.4895235399275753e-05 0.00043495322439181505 -4.0157358057347201e-05 0.00057454280422180681 -1.6364981278700292e-05 -1.3178361814842894e-05 0.0007593622221485852 0.0028195919256419561
leaf_weight=134 31 38 128 54 74 73 368
leaf_count=134 31 38 128 54 74 73 368
internal_value=0.00138889 0.000280374 0.000576923 -0.000159574 0.00126238 0.00239407 0.0025
internal_weight=900 428 390 188 202 472 441
internal_count=900 428 390 188 202 472 441
is_linear=0
shrinkage=0.05


Tree=74
num_leaves=8
num_cat=0
split_feature=0 1 1 0 0 1 0
split_gain=0.36263 0.230097 0.0824219 0.0666667 0.0550809 0.265346 0.15081
threshold=3.9736289434220127 3.9843139112300925 4.0488946207013532 3.9989433383202866 3.8721520712207655 3.8520298443014949 3.9382866065457085
decision_type=2 2 2 2 2 2 2
left_child=1 4 3 -2 5 -1 -6
right_child=2 -3 -4 -5 6 -7 -8
leaf_value=9.969101961836444e-06 0.00038720726461702884 -4.0998589387569121e-05 0.0024625581545883422 0.00023681603372187489 0.0013961092741952383 -3.9789915595300018e-05 -4.9754776918202866e-05
leaf_weight=171 36 31 422 54 90 55 41
leaf_count=171 36 31 422 54 90 55 41
internal_value=0.00133333 0.000180412 0.00220703 0.000833333 0.000539216 6.63717e-05 0.00135496
internal_weight=900 388 512 90 357 226 131
internal_count=900 388 512 90 357 226 131
is_linear=0
shrinkage=0.05


Tree=75
num_leaves=7
num_cat=0
split_feature=0 1 1 0 0 1
split_gain=0.325602 0.0929592 0.0793323 0.0698925 0.0657283 0.128585
threshold=3.9725161297518428 3.9809971099629489 4.0488946207013532 3.9989433383202866 3.9382866065457085 3.9047109268875566
decision_type=2 2 2 2 2 2
left_child=1 4 3 -2 5 -1
right_child=2 -3 -4 -5 -6 -7
leaf_value=8.8665136136672744e-07 0.00037842911017729188 -3.8948659918197013e-05 0.002297448298853855 0.00022497523203579442 -4.90526886870637e-05 0.0017388256882321152
leaf_weight=236 39 31 423 54 38 79
leaf_count=236 39 31 423 54 38 79
internal_value=0.00138889 0.000286458 0.0022093 0.000887097 0.000516997 0.000753968
internal_weight=900 384 516 93 353 315
internal_count=900 384 516 93 353 315
is_linear=0
shrinkage=0.05


Tree=76
num_leaves=7
num_cat=0
split_feature=0 1 1 0 0 1
split_gain=0.36263 0.230097 0.0824219 0.0666667 0.053404 0.1298
threshold=3.9736289434220127 3.9843139112300925 4.0488946207013532 3.9989433383202866 3.9382866065457085 3.9047109268875566
decision_type=2 2 2 2 2 2
left_child=1 4 3 -2 5 -1
right_child=2 -3 -4 -5 -6 -7
leaf_value=8.4231879330570452e-07 0.00034892544587732392 -7.7004172604915492e-05 0.0022245578319162263 0.00021372647043400462 -4.4814403637953988e-05 0.0016644949587035552
leaf_weight=236 36 31 422 54 41 80
leaf_count=236 36 31 422 54 41 80
internal_value=0.00133333 0.000180412 0.00220703 0.000833333 0.000539216 0.000759494
internal_weight=900 388 512 90 357 316
internal_count=900 388 512 90 357 316
is_linear=0
shrinkage=0.05


Tree=77
num_leaves=8
num_cat=0
split_feature=0 1 1 0 1 1 1
split_gain=0.410213 0.215969 0.0824219 0.0666667 0.0642795 0.189125 0.0897921
threshold=3.9736289434220127 3.9843139112300925 4.0488946207013532 3.9989433383202866 3.8539283483967881 3.8769995827898032 3.7480472659424189
decision_type=2 2 2 2 2 2 2
left_child=1 4 3 -2 6 -6 -1
right_child=2 -3 -4 -5 5 -7 -8
leaf_value=-0.00027103280034512111 0.00033147917358347103 -7.315396397468604e-05 0.0021133299403203929 0.00020304014691232433 -4.9400776167647686e-05 0.00024903435910480273 8.141615274670426e-06
leaf_weight=72 36 31 422 54 32 149 104
leaf_count=72 36 31 422 54 32 149 104
internal_value=0.00127778 5.15465e-05 0.00220703 0.000833333 0.00039916 -0.000262431 0.00107955
internal_weight=900 388 512 90 357 181 176
internal_count=900 388 512 90 357 181 176
is_linear=0
shrinkage=0.05


Tree=78
num_leaves=8
num_cat=0
split_feature=0 1 1 0 0 0 1
split_gain=0.373885 0.215969 0.0711197 0.0666667 0.0449563 0.0960279 0.0161489
threshold=3.9736289434220127 3.9843139112300925 4.0488946207013532 3.9989433383202866 3.9382866065457085 3.9010732867721472 4.4937918960592667
decision_type=2 2 2 2 2 2 2
left_child=1 4 3 -2 5 -1 -4
right_child=2 -3 6 -5 -6 -7 -8
leaf_value=7.9085182894521357e-07 0.00031490521490429302 -6.9496265775963629e-05 0.0021164465644326314 0.00019288813956670363 -5.5025401411317301e-05 0.001672686133245227 0.00079248552282145399
leaf_weight=261 36 31 368 54 41 55 54
leaf_count=261 36 31 368 54 41 55 54
internal_value=0.00122222 5.15465e-05 0.00210938 0.000833333 0.00039916 0.000601266 0.00238152
internal_weight=900 388 512 90 357 316 422
internal_count=900 388 512 90 357 316 422
is_linear=0
shrinkage=0.05


Tree=79
num_leaves=8
num_cat=0
split_feature=0 1 1 0 0 1 0
split_gain=0.379939 0.237063 0.0416307 0.109873 0.0486884 0.0165992 1.11022e-16
threshold=4.0526544287461599 4.0627101149760669 3.9493982956383507 3.8603877885833069 4.0258215881804462 4.4937918960592667 4.345743908933831
decision_type=2 2 2 2 2 2 2
left_child=1 2 3 -1 -4 6 -2
right_child=5 -3 4 -5 -6 -7 -8
leaf_value=4.1209290300894758e-06 0.0020734046724005051 -0.00010235056055807636 0.00040771984074165183 -2.7477332426807904e-05 0.00011954834457776315 0.0013289134346705087 0.0092930460944072729
leaf_weight=210 291 31 153 94 32 52 37
leaf_count=210 291 31 153 94 32 52 37
internal_value=0.00116667 0.000288462 0.00055726 0.000197368 0.00114865 0.00236842 0.0025
internal_weight=900 520 489 304 185 380 328
internal_count=900 520 489 304 185 380 328
is_linear=0
shrinkage=0.05


Tree=80
num_leaves=8
num_cat=0
split_feature=0 1 1 0 0 1 0
split_gain=0.379939 0.237063 0.0416307 0.109873 0.0486884 0.0165992 1.11022e-16
threshold=4.0526544287461599 4.0627101149760669 3.9493982956383507 3.8603877885833069 4.0258215881804462 4.4937918960592667 4.345743908933831
decision_type=2 2 2 2 2 2 2
left_child=1 2 3 -1 -4 6 -2
right_child=5 -3 4 -5 -6 -7 -8
leaf_value=3.9148825785886791e-06 0.0019697344387804706 -9.7233032530156041e-05 0.00038733384870456541 -2.610346580546537e-05 0.00011357092734888801 0.0012624677629370026 0.0088283937896869256
leaf_weight=210 291 31 153 94 32 52 37
leaf_count=210 291 31 153 94 32 52 37
internal_value=0.00116667 0.000288462 0.00055726 0.000197368 0.00114865 0.00236842 0.0025
internal_weight=900 520 489 304 185 380 328
internal_count=900 520 489 304 185 380 328
is_linear=0
shrinkage=0.05


Tree=81
num_leaves=8
num_cat=0
split_feature=0 1 1 0 0 1 0
split_gain=0.415879 0.226433 0.0431967 0.124175 0.0819892 0.0165992 1.11022e-16
threshold=4.0526544287461599 4.0627101149760669 4.0002698056935992 3.9558580649904687 4.0258215881804462 4.4937918960592667 4.345743908933831
decision_type=2 2 2 2 2 2 2
left_child=1 2 3 -1 -4 6 -2
right_child=5 -3 4 -5 -6 -7 -8
leaf_value=5.1016517506037476e-06 0.001871247716841431 -9.2371380903636188e-05 0.000367005536252544 -6.9841331545044834e-05 0.00010789238098144999 0.0011993443747901342 0.0083869741002025582
leaf_weight=355 291 31 61 41 32 52 37
leaf_count=355 291 31 61 41 32 52 37
internal_value=0.00111111 0.000192308 0.00045501 0.000227273 0.00142473 0.00236842 0.0025
internal_weight=900 520 489 396 93 380 328
internal_count=900 520 489 396 93 380 328
is_linear=0
shrinkage=0.05


Tree=82
num_leaves=8
num_cat=0
split_feature=0 1 1 1 0 0 0
split_gain=0.402449 0.216046 0.0663968 0.0529745 0.154371 0.0618558 1.11022e-16
threshold=4.0526544287461599 4.0627101149760669 4.4937918960592667 3.9843139112300925 3.9474798436206497 4.0258215881804462 4.345743908933831
decision_type=2 2 2 2 2 2 2
left_child=1 3 6 4 -1 -5 -2
right_child=2 -3 -4 5 -6 -7 -8
leaf_value=4.0170614462121302e-06 0.00177768533099937 -8.7752811858468971e-05 0.0011393771560506468 0.00034929633941134324 -0.00010707724948797235 0.00010249776193237942 0.0079676253951924108
leaf_weight=332 291 31 52 89 36 32 37
leaf_count=332 291 31 52 89 36 32 37
internal_value=0.001 9.61539e-05 0.00223684 0.000352761 5.43479e-05 0.00126033 0.0025
internal_weight=900 520 380 489 368 121 328
internal_count=900 520 380 489 368 121 328
is_linear=0
shrinkage=0.05


Tree=83
num_leaves=8
num_cat=0
split_feature=0 1 1 0 1 0 0
split_gain=0.397702 0.196656 0.0689337 0.141177 0.0669371 0.0488299 1.11022e-16
threshold=4.0710991404261092 4.0780687556410244 3.9843139112300925 3.9474798436206497 4.4937918960592667 4.0240730372929656 4.3593234333189228
decision_type=2 2 2 2 2 2 2
left_child=1 2 3 -1 6 -4 -2
right_child=4 -3 5 -5 -6 -7 -8
leaf_value=3.8162083739046911e-06 0.0018484557242700818 -3.8965626541454586e-05 0.00033183152244076279 -0.00010172338701358916 0.0010088801568713499 0.00026476853644582577 0.0082705310427152092
leaf_weight=332 266 32 89 36 51 63 31
leaf_count=332 266 32 89 36 51 63 31
internal_value=0.000888889 5.43479e-05 0.000288462 -8.15217e-05 0.00221264 0.00118421 0.0025
internal_weight=900 552 520 368 348 152 297
internal_count=900 552 520 368 348 152 297
is_linear=0
shrinkage=0.05


Tree=84
num_leaves=8
num_cat=0
split_feature=0 1 1 0 1 1 0
split_gain=0.441846 0.423068 0.129044 0.10127 0.0565919 0.0284952 2.22045e-16
threshold=4.0326499284846689 4.0466510189943472 4.0002698056935992 3.9558580649904687 4.4937918960592667 4.0627101149760669 4.2335986152994005
decision_type=2 2 2 2 2 2 2
left_child=1 2 3 -1 5 -2 -7
right_child=4 -3 -4 -5 -6 6 -8
leaf_value=4.4549056720895209e-06 0.00019864116169745038 -9.351538282746694e-05 0.00030110468200443899 -0.00010040565673435124 0.0010171928042665402 0.0014776232342397222 0.004997894903148465
leaf_weight=355 32 30 58 41 53 232 99
leaf_count=355 32 30 58 41 53 232 99
internal_value=0.000944444 -8.26446e-05 0.000297357 -2.52525e-05 0.00213942 0.00236226 0.0025
internal_weight=900 484 454 396 416 363 331
internal_count=900 484 454 396 416 363 331
is_linear=0
shrinkage=0.05


Tree=85
num_leaves=10
num_cat=0
split_feature=0 0 0 1 1 0 0 1 0
split_gain=0.365021 0.0826989 0.253332 0.104575 0.0917563 0.0864838 0.104468 0.0669371 1.11022e-16
threshold=4.0710991404261092 3.9010732867721472 3.8060519225252345 3.7480472659424189 3.8648207582108625 3.9382866065457085 3.9736289434220127 4.4937918960592667 4.3593234333189228
decision_type=2 2 2 2 2 2 2 2 2
left_child=1 2 3 -1 -4 -3 -7 8 -2
right_child=7 5 4 -5 -6 6 -8 -9 -10
leaf_value=-0.00025879198486184352 0.0016821517763446093 0.0015973797391822143 -7.5621426132270856e-06 4.8526177909914139e-05 -1.1212841325749477e-05 -7.0838028431960469e-05 0.00021055518034645564 0.00090757650881443351 0.0076071097454220339
leaf_weight=72 266 56 58 64 74 64 164 51 31
leaf_count=72 266 56 58 64 74 64 164 51 31
internal_value=0.000944444 0.000144928 -0.000485075 0.00102941 -0.00204545 0.000739437 0.000307018 0.00221264 0.0025
internal_weight=900 552 268 136 132 284 228 348 297
internal_count=900 552 268 136 132 284 228 348 297
is_linear=0
shrinkage=0.05


Tree=86
num_leaves=8
num_cat=0
split_feature=0 1 1 0 1 0 0
split_gain=0.365021 0.07392 0.0689337 0.141177 0.0669371 0.0488299 1.11022e-16
threshold=4.0710991404261092 4.0780687556410244 3.9843139112300925 3.9474798436206497 4.4937918960592667 4.0240730372929656 4.3593234333189228
decision_type=2 2 2 2 2 2 2
left_child=1 2 3 -1 6 -4 -2
right_child=4 -3 5 -5 -6 -7 -8
leaf_value=2.2383302962971438e-06 0.0015980441875273589 -7.715935937483356e-05 0.00028965695320115696 -9.2007304631576978e-05 0.00086219768337369963 0.00023055797468317873 0.0072267542581509444
leaf_weight=332 266 32 89 36 51 63 31
leaf_count=332 266 32 89 36 51 63 31
internal_value=0.000944444 0.000144928 0.000288462 -8.15217e-05 0.00221264 0.00118421 0.0025
internal_weight=900 552 520 368 348 152 297
internal_count=900 552 520 368 348 152 297
is_linear=0
shrinkage=0.05


Tree=87
num_leaves=7
num_cat=0
split_feature=0 1 1 0 0 0
split_gain=0.356348 0.092091 0.104265 0.0881754 0.0298969 1.11022e-16
threshold=4.1027519440176565 4.1223280624165302 4.0844636464000574 4.0477153122596219 4.6190744389114418 4.3987493374637685
decision_type=2 2 2 2 2 2
left_child=1 2 3 -1 5 -2
right_child=4 -3 -4 -5 -6 -7
leaf_value=6.3706514170805368e-06 0.0018623355127481479 -0.00015255954502315619 0.0012348232225502188 -4.7176813734458258e-05 0.00095158683028375715 0.0085767173542602212
leaf_weight=498 231 30 51 30 30 30
leaf_count=498 231 30 51 30 30 30
internal_value=0.000888889 0.000201149 0.000341105 0.000132576 0.00232818 0.0025
internal_weight=900 609 579 528 291 261
internal_count=900 609 579 528 291 261
is_linear=0
shrinkage=0.05


Tree=88
num_leaves=7
num_cat=0
split_feature=0 1 1 0 0 0
split_gain=0.384389 0.0865778 0.112773 0.081946 0.0298969 1.11022e-16
threshold=4.1027519440176565 4.1223280624165302 4.0844636464000574 4.0477153122596219 4.6190744389114418 4.3987493374637685
decision_type=2 2 2 2 2 2
left_child=1 2 3 -1 5 -2
right_child=4 -3 -4 -5 -6 -7
leaf_value=6.0521188462273005e-06 0.0017692187371107339 -0.0001449315677719895 0.0011730820614227256 -4.4817973047724618e-05 0.00090400748876957599 0.0081478814865472149
leaf_weight=498 231 30 51 30 30 30
leaf_count=498 231 30 51 30 30 30
internal_value=0.000833333 0.000119048 0.00025475 3.78789e-05 0.00232818 0.0025
internal_weight=900 609 579 528 291 261
internal_count=900 609 579 528 291 261
is_linear=0
shrinkage=0.05


Tree=89
num_leaves=6
num_cat=0
split_feature=0 0 1 1 0
split_gain=0.285999 0.118008 0.112228 0.149868 0.081946
threshold=4.1206071086832976 4.6190744389114418 4.1255726390500502 4.0844636464000574 4.0477153122596219
decision_type=2 2 2 2 2
left_child=2 -2 3 4 -1
right_child=1 -3 -4 -5 -6
leaf_value=5.7495129039233875e-06 0.0020026950705624327 0.00085880711433108383 -6.1234720534657604e-05 0.0010404097170491067 -4.2577074395352077e-05
leaf_weight=498 231 30 41 70 30
leaf_count=498 231 30 41 70 30
internal_value=0.000722222 0.00211686 0.000152582 0.000326087 3.78789e-05
internal_weight=900 261 639 598 528
internal_count=900 261 639 598 528
is_linear=0
shrinkage=0.05


Tree=90
num_leaves=6
num_cat=0
split_feature=0 0 1 1 0
split_gain=0.309238 0.118008 0.105395 0.161618 0.0763889
threshold=4.1206071086832976 4.6190744389114418 4.1255726390500502 4.0844636464000574 3.8060519225252345
decision_type=2 2 2 2 2
left_child=2 -2 3 4 -1
right_child=1 -3 -4 -5 -6
leaf_value=3.5994590422935668e-05 0.0019025603170343302 0.00081586675861453637 -5.8172984507902744e-05 0.00098838923119664028 -1.1980066992118496e-06
leaf_weight=132 231 30 41 70 396
leaf_count=132 231 30 41 70 396
internal_value=0.000666667 0.00211686 7.4335e-05 0.000242475 -5.68181e-05
internal_weight=900 261 639 598 528
internal_count=900 261 639 598 528
is_linear=0
shrinkage=0.05


Tree=91
num_leaves=6
num_cat=0
split_feature=0 0 1 1 0
split_gain=0.309238 0.118008 0.105395 0.161618 0.0763889
threshold=4.1206071086832976 4.6190744389114418 4.1255726390500502 4.0844636464000574 3.8060519225252345
decision_type=2 2 2 2 2
left_child=2 -2 3 4 -1
right_child=1 -3 -4 -5 -6
leaf_value=3.419486090178985e-05 0.0018074323011826325 0.00077507342068381399 -5.5264335282516714e-05 0.00093896976963678833 -1.1381063642530093e-06
leaf_weight=132 231 30 41 70 396
leaf_count=132 231 30 41 70 396
internal_value=0.000666667 0.00211686 7.4335e-05 0.000242475 -5.68181e-05
internal_weight=900 261 639 598 528
internal_count=900 261 639 598 528
is_linear=0
shrinkage=0.05


Tree=92
num_leaves=12
num_cat=0
split_feature=0 0 1 0 1 1 0 0 1 0 1
split_gain=0.347446 0.105329 0.221516 0.149603 0.101825 0.125826 0.122755 0.0888596 0.0830769 0.0454483 0.0100971
threshold=4.0009670040999188 3.7591993672345478 3.8648207582108625 3.8295359724669233 4.0844636464000574 4.4937918960592667 4.0240730372929656 3.8603877885833069 3.7058441190147726 4.0477153122596219 4.1282995257239801
decision_type=2 2 2 2 2 2 2 2 2 2 2
left_child=1 8 3 -3 6 10 -2 -4 -1 -8 -6
right_child=4 2 7 -5 5 -7 9 -9 -10 -11 -12
leaf_value=-0.0003048159617607335 0.00027510351190518752 -1.1818875935289372e-06 0.00061806552666398044 -5.0512175217624054e-05 0.00082427719264363672 0.00055246974707603654 0.00019322026161785325 -9.0790562313728675e-06 0.00015677976478847694 -4.0331415022450635e-05 0.001617016326026203
leaf_weight=52 38 62 30 30 75 54 41 206 48 30 234
leaf_count=52 38 62 30 30 75 54 41 206 48 30 234
internal_value=0.000611111 -0.000420561 -0.000853658 -0.00293478 0.00154661 0.00194904 0.000206422 -4.23728e-05 0.001 -0.00102113 0.00233819
internal_weight=900 428 328 92 472 363 109 236 100 71 309
internal_count=900 428 328 92 472 363 109 236 100 71 309
is_linear=0
shrinkage=0.05


Tree=93
num_leaves=8
num_cat=0
split_feature=0 1 1 1 1 1 1
split_gain=0.345455 0.202718 0.156143 0.108066 0.0808081 0.0511806 0.0102668
threshold=4.0326499284846689 4.0466510189943472 4.0002698056935992 4.4937918960592667 3.8199465102801438 4.0844636464000574 4.1282995257239801
decision_type=2 2 2 2 2 2 2
left_child=1 2 4 5 -1 -2 -7
right_child=3 -3 -4 -5 -6 6 -8
leaf_value=-1.8761194088036437e-06 0.00012852836483654445 -0.00012134809302368529 0.00024862322578393745 0.00082737039299112978 1.9805123585605898e-06 0.0007751719033048934 0.0015361655097248887
leaf_weight=132 55 30 58 53 264 74 234
leaf_count=132 55 30 58 53 264 74 234
internal_value=0.000722222 -0.00018595 7.70926e-05 0.00177885 -0.000277778 0.00208678 0.00233766
internal_weight=900 484 454 416 396 363 308
internal_count=900 484 454 416 396 363 308
is_linear=0
shrinkage=0.05


Tree=94
num_leaves=8
num_cat=0
split_feature=0 1 0 1 0 1 0
split_gain=0.309238 0.123486 0.197285 0.140593 0.118008 0.109626 0.0243574
threshold=4.1206071086832976 3.8199465102801438 3.7591993672345478 4.1255726390500502 4.6190744389114418 4.0844636464000574 3.6971664165418048
decision_type=2 2 2 2 2 2 2
left_child=1 2 6 5 -2 -3 -1
right_child=4 3 -4 -5 -6 -7 -8
leaf_value=0.00011121504906767275 0.0015594015943359413 1.9583745437844785e-05 -1.1853912174052627e-05 -0.00013247357073811584 0.00066732774264628431 0.00081204882635752549 3.7287203604749729e-05
leaf_weight=53 231 396 36 41 30 70 43
leaf_count=53 231 396 36 41 30 70 43
internal_value=0.000666667 7.4335e-05 -0.00128788 0.000428994 0.00211686 0.000675966 -0.000104167
internal_weight=900 639 132 507 261 466 96
internal_count=900 639 132 507 261 466 96
is_linear=0
shrinkage=0.05


Tree=95
num_leaves=8
num_cat=0
split_feature=0 1 0 1 0 1 0
split_gain=0.309238 0.123486 0.197285 0.140593 0.118008 0.109626 0.0243574
threshold=4.1206071086832976 3.8199465102801438 3.7591993672345478 4.1255726390500502 4.6190744389114418 4.0844636464000574 3.6971664165418048
decision_type=2 2 2 2 2 2 2
left_child=1 2 6 5 -2 -3 -1
right_child=4 3 -4 -5 -6 -7 -8
leaf_value=0.00010565429661427981 0.0014814315146191477 1.8604558165956946e-05 -1.1261216565349397e-05 -0.00012584989220121689 0.00063396135551396782 0.00077144638503963143 3.5422843424512666e-05
leaf_weight=53 231 396 36 41 30 70 43
leaf_count=53 231 396 36 41 30 70 43
internal_value=0.000666667 7.4335e-05 -0.00128788 0.000428994 0.00211686 0.000675966 -0.000104167
internal_weight=900 639 132 507 261 466 96
internal_count=900 639 132 507 261 466 96
is_linear=0
shrinkage=0.05


Tree=96
num_leaves=7
num_cat=0
split_feature=0 0 1 1 1 0
split_gain=0.333385 0.118008 0.0987768 0.109204 0.184328 0.0579504
threshold=4.1206071086832976 4.6190744389114418 4.1255726390500502 3.9047109268875566 3.8520298443014949 3.9382866065457085
decision_type=2 2 2 2 2 2
left_child=2 -2 3 4 -1 -5
right_child=1 -3 -4 5 -6 -7
leaf_value=1.8821638172448653e-07 0.0014073599388882091 0.00060226328773826943 -0.00011955739759113404 0.0011650659957151532 -1.3958737751416096e-05 0.00014979284769098828
leaf_weight=172 231 30 41 81 64 281
leaf_count=172 231 30 41 81 64 281
internal_value=0.000611111 0.00211686 -3.9123e-06 0.000158863 -0.000677966 0.00070442
internal_weight=900 261 639 598 236 362
internal_count=900 261 639 598 236 362
is_linear=0
shrinkage=0.05


Tree=97
num_leaves=9
num_cat=0
split_feature=0 1 0 1 0 0 1 0
split_gain=0.232933 0.112228 0.10318 0.0763468 0.163029 0.0875907 0.0141895 5.55112e-17
threshold=4.1206071086832976 4.1255726390500502 4.6190744389114418 3.7632124842769463 3.6971664165418048 3.809399602461685 4.188696395911216 4.3513112372189253
decision_type=2 2 2 2 2 2 2 2
left_child=1 3 6 4 -1 -5 -2 -8
right_child=2 -3 -4 5 -6 -7 7 -9
leaf_value=0.00010036217096448806 0.00095562498042194304 -0.00011357952771158642 0.0005721501233513671 0.00032030502991887717 -0.00031500661230962119 1.6253249368311091e-05 0.0017427725610883018 0.006363262791793587
leaf_weight=53 54 41 30 52 31 462 129 48
leaf_count=53 54 41 30 52 31 462 129 48
internal_value=0.000666667 0.000152582 0.00192529 0.000326087 -0.00107143 0.000554475 0.00228355 0.0025
internal_weight=900 639 261 598 84 514 231 177
internal_count=900 639 261 598 84 514 231 177
is_linear=0
shrinkage=0.05


Tree=98
num_leaves=11
num_cat=0
split_feature=0 0 0 1 0 1 0 1 1 0
split_gain=0.298708 0.111199 0.255171 0.160983 0.107817 0.146712 0.10318 0.100267 0.0141895 5.55112e-17
threshold=4.1206071086832976 3.9010732867721472 3.8060519225252345 3.8648207582108625 3.9382866065457085 3.9843139112300925 4.6190744389114418 3.7671127420727615 4.188696395911216 4.3513112372189253
decision_type=2 2 2 2 2 2 2 2 2 2
left_child=1 2 7 -4 -3 -6 8 -1 -2 -10
right_child=6 4 3 -5 5 -7 -8 -9 9 -11
leaf_value=-7.8618748715482464e-06 0.00090784373140082595 0.0014559865769623983 -1.9655398414655749e-05 -1.3225137846852828e-05 -7.3585234576684772e-05 0.00017396332227967768 0.00054354261718381203 0.00037454091308965844 0.0016556339330338955 0.0060450996522038863
leaf_weight=88 54 56 58 74 52 263 30 48 129 48
leaf_count=88 54 56 58 74 52 263 30 48 129 48
internal_value=0.0005 -8.21596e-05 -0.000858209 -0.00242424 0.000478437 0.000119048 0.00192529 0.000661765 0.00228355 0.0025
internal_weight=900 639 268 132 371 315 261 136 231 177
internal_count=900 639 268 132 371 315 261 136 231 177
is_linear=0
shrinkage=0.05


Tree=99
num_leaves=9
num_cat=0
split_feature=0 1 0 1 0 0 1 0
split_gain=0.232933 0.112228 0.10318 0.067563 0.0881754 0.0169643 0.0141895 5.55112e-17
threshold=4.1206071086832976 4.1255726390500502 4.6190744389114418 4.0844636464000574 4.0477153122596219 4.0866656953761558 4.188696395911216 4.3513112372189253
decision_type=2 2 2 2 2 2 2 2
left_child=1 3 6 4 -1 -5 -2 -8
right_child=2 -3 -4 5 -6 -7 7 -9
leaf_value=6.2686086617784542e-06 0.00086245154483077791 -0.00011659871743999017 0.00051636548632463255 0.0013670391591290246 -6.3651148660300532e-05 0.00051755437445386574 0.0015728522363822163 0.0057428446695936795
leaf_weight=498 54 41 30 38 30 32 129 48
leaf_count=498 54 41 30 38 30 32 129 48
internal_value=0.000666667 0.000152582 0.00192529 0.000326087 0.000132576 0.00178571 0.00228355 0.0025
internal_weight=900 639 261 598 528 70 231 177
internal_count=900 639 261 598 528 70 231 177
is_linear=0
shrinkage=0.05


Tree=100
num_leaves=9
num_cat=0
split_feature=0 1 0 1 0 0 1 0
split_gain=0.232933 0.112228 0.10318 0.067563 0.0881754 0.0169643 0.0141895 5.55112e-17
threshold=4.1206071086832976 4.1255726390500502 4.6190744389114418 4.0844636464000574 4.0477153122596219 4.0866656953761558 4.188696395911216 4.3513112372189253
decision_type=2 2 2 2 2 2 2 2
left_child=1 3 6 4 -1 -5 -2 -8
right_child=2 -3 -4 5 -6 -7 7 -9
leaf_value=5.9551782286819475e-06 0.00081932896758925018 -0.00011076878156797532 0.00049054721200838538 0.0012986872011725549 -6.0468591227288092e-05 0.00049167665573115473 0.0014942096245631033 0.0054557024361140041
leaf_weight=498 54 41 30 38 30 32 129 48
leaf_count=498 54 41 30 38 30 32 129 48
internal_value=0.000666667 0.000152582 0.00192529 0.000326087 0.000132576 0.00178571 0.00228355 0.0025
internal_weight=900 639 261 598 528 70 231 177
internal_count=900 639 261 598 528 70 231 177
is_linear=0
shrinkage=0.05


Tree=101
num_leaves=9
num_cat=0
split_feature=0 0 1 1 0 0 1 0
split_gain=0.275876 0.10318 0.0987768 0.109204 0.189831 0.0579504 0.0141895 5.55112e-17
threshold=4.1206071086832976 4.6190744389114418 4.1255726390500502 3.9047109268875566 3.8060519225252345 3.9382866065457085 4.188696395911216 4.3513112372189253
decision_type=2 2 2 2 2 2 2 2
left_child=2 6 3 4 -1 -5 -2 -8
right_child=1 -3 -4 5 -6 -7 7 -9
leaf_value=3.1788212937021769e-05 0.00077836251920979658 0.0004660198514079728 -0.00010523034248959674 0.0010865186064550377 -1.3938563185328677e-05 0.00013218118737949873 0.0014194991433349458 0.0051829173143082968
leaf_weight=131 54 30 41 81 105 281 129 48
leaf_count=131 54 30 41 81 105 281 129 48
internal_value=0.000555556 0.00192529 -3.9123e-06 0.000158863 -0.000677966 0.00070442 0.00228355 0.0025
internal_weight=900 261 639 598 236 362 231 177
internal_count=900 261 639 598 236 362 231 177
is_linear=0
shrinkage=0.05


Tree=102
num_leaves=9
num_cat=0
split_feature=0 1 0 1 0 0 1 0
split_gain=0.232933 0.112228 0.10318 0.067563 0.0881754 0.0169643 0.0141895 5.55112e-17
threshold=4.1206071086832976 4.1255726390500502 4.6190744389114418 4.0844636464000574 4.0477153122596219 4.0866656953761558 4.188696395911216 4.3513112372189253
decision_type=2 2 2 2 2 2 2 2
left_child=1 3 6 4 -1 -5 -2 -8
right_child=2 -3 -4 5 -6 -7 7 -9
leaf_value=4.4109586446931966e-06 0.00073944439324931117 -9.9968825365119311e-05 0.00044271885883757635 0.0012271437817449439 -6.4054221034889007e-05 0.00046048376357563651 0.0013485241861681985 0.0049237714485928698
leaf_weight=498 54 41 30 38 30 32 129 48
leaf_count=498 54 41 30 38 30 32 129 48
internal_value=0.000666667 0.000152582 0.00192529 0.000326087 0.000132576 0.00178571 0.00228355 0.0025
internal_weight=900 639 261 598 528 70 231 177
internal_count=900 639 261 598 528 70 231 177
is_linear=0
shrinkage=0.05


Tree=103
num_leaves=9
num_cat=0
split_feature=0 1 0 1 0 0 1 0
split_gain=0.232933 0.112228 0.10318 0.067563 0.0881754 0.0169643 0.0141895 5.55112e-17
threshold=4.1206071086832976 4.1255726390500502 4.6190744389114418 4.0844636464000574 4.0477153122596219 4.0866656953761558 4.188696395911216 4.3513112372189253
decision_type=2 2 2 2 2 2 2 2
left_child=1 3 6 4 -1 -5 -2 -8
right_child=2 -3 -4 5 -6 -7 7 -9
leaf_value=4.1904107124650529e-06 0.00070247217358683229 -9.4970384096852435e-05 0.00042058291589568424 0.0011657865926577029 -6.0851509983147147e-05 0.00043745957539687019 0.0012810979768597798 0.0046775828761632301
leaf_weight=498 54 41 30 38 30 32 129 48
leaf_count=498 54 41 30 38 30 32 129 48
internal_value=0.000666667 0.000152582 0.00192529 0.000326087 0.000132576 0.00178571 0.00228355 0.0025
internal_weight=900 639 261 598 528 70 231 177
internal_count=900 639 261 598 528 70 231 177
is_linear=0
shrinkage=0.05


Tree=104
num_leaves=10
num_cat=0
split_feature=0 0 0 0 0 1 1 1 0
split_gain=0.232933 0.10318 0.0750751 0.200047 0.0939203 0.166532 0.0864876 0.0141895 5.55112e-17
threshold=4.1206071086832976 4.6190744389114418 3.9010732867721472 3.8603877885833069 3.9382866065457085 3.9843139112300925 3.8648207582108625 4.188696395911216 4.3513112372189253
decision_type=2 2 2 2 2 2 2 2 2
left_child=2 7 3 6 -4 -6 -1 -2 -9
right_child=1 -3 4 -5 5 -7 -8 8 -10
leaf_value=3.9794167857705927e-09 0.00066734856490748842 0.00039955377010088001 0.0013278200599791347 -0.00014846953785383209 -7.7556290029196623e-05 0.00015761483898433013 0.0003863299806819826 0.0012170430780167774 0.0044437037323550614
leaf_weight=182 54 30 56 52 52 263 34 129 48
leaf_count=182 54 30 56 52 52 263 34 129 48
internal_value=0.000666667 0.00192529 0.000152582 -0.000485075 0.000613208 0.000277778 0.000185185 0.00228355 0.0025
internal_weight=900 261 639 268 371 315 216 231 177
internal_count=900 261 639 268 371 315 216 231 177
is_linear=0
shrinkage=0.05


Tree=105
num_leaves=10
num_cat=0
split_feature=0 1 0 1 0 0 1 0 0
split_gain=0.204104 0.105395 0.0893467 0.0809365 0.128572 0.0552105 0.046176 0.0698413 5.55112e-17
threshold=4.1206071086832976 4.1255726390500502 4.6190744389114418 3.9843139112300925 3.9474798436206497 4.0240730372929656 4.1985417554070814 4.1473325235365133 4.36813428881851
decision_type=2 2 2 2 2 2 2 2 2
left_child=1 3 6 4 -1 -5 7 -2 -8
right_child=2 -3 -4 5 -6 -7 8 -9 -10
leaf_value=3.1161088848568913e-07 0.00086842022149251135 -9.8102606841225521e-05 0.00037957608159584489 0.00021383514986714788 -9.8148781695769091e-05 0.00037112252431440693 0.0017559160361673458 5.3610680449469099e-05 0.0047817781236218181
leaf_weight=332 33 41 30 90 36 140 129 30 39
leaf_count=332 33 41 30 90 36 140 129 30 39
internal_value=0.000555556 7.4335e-05 0.00173372 0.000242475 -0.000217391 0.000978261 0.0020671 0.000912698 0.0025
internal_weight=900 639 261 598 368 230 231 63 168
internal_count=900 639 261 598 368 230 231 63 168
is_linear=0
shrinkage=0.05


Tree=106
num_leaves=11
num_cat=0
split_feature=0 0 0 0 0 1 1 1 0 0
split_gain=0.185309 0.0893467 0.0750751 0.200047 0.0939203 0.166532 0.0864876 0.046176 0.0698413 5.55112e-17
threshold=4.1206071086832976 4.6190744389114418 3.9010732867721472 3.8603877885833069 3.9382866065457085 3.9843139112300925 3.8648207582108625 4.1985417554070814 4.1473325235365133 4.36813428881851
decision_type=2 2 2 2 2 2 2 2 2 2
left_child=2 7 3 6 -4 -6 -1 8 -2 -9
right_child=1 -3 4 -5 5 -7 -8 9 -10 -11
leaf_value=-1.1800098486436742e-08 0.00082499921041787104 0.00036059727751607267 0.0012614134764357356 -0.00013835525033103002 -7.0986395089019593e-05 0.00013424527914036413 0.00036699790110344472 0.0016681202343589909 5.0930146426987962e-05 0.0045426892174407233
leaf_weight=182 33 30 56 52 52 263 34 129 30 39
leaf_count=182 33 30 56 52 52 263 34 129 30 39
internal_value=0.000611111 0.00173372 0.000152582 -0.000485075 0.000613208 0.000277778 0.000185185 0.0020671 0.000912698 0.0025
internal_weight=900 261 639 268 371 315 216 231 63 168
internal_count=900 261 639 268 371 315 216 231 63 168
is_linear=0
shrinkage=0.05


Tree=107
num_leaves=7
num_cat=0
split_feature=0 1 1 0 1 0
split_gain=0.171235 0.468794 0.118094 0.111828 0.0647243 5.55112e-17
threshold=4.1904523227632842 4.181975533742567 4.1282995257239801 4.6190744389114418 3.8648207582108625 4.3632126378011984
decision_type=2 2 2 2 2 2
left_child=1 2 4 5 -1 -2
right_child=3 -3 -4 -5 -6 -7
leaf_value=-7.2154203505985824e-07 0.0014299242336049981 -0.00013265459031522425 0.00083039851632729091 0.00034256741364027123 0.00011919749848797787 0.003624148989331374
leaf_weight=188 114 40 71 30 415 42
leaf_count=188 114 40 71 30 415 42
internal_value=0.000611111 0.000259104 0.000571217 0.00196237 0.000344113 0.0025
internal_weight=900 714 674 186 603 156
internal_count=900 714 674 186 603 156
is_linear=0
shrinkage=0.05


Tree=108
num_leaves=8
num_cat=0
split_feature=0 1 1 0 0 1 0
split_gain=0.171235 0.272429 0.129507 0.111828 0.0881754 0.0259361 5.55112e-17
threshold=4.1904523227632842 4.181975533742567 4.0844636464000574 4.6190744389114418 4.0477153122596219 4.1282995257239801 4.3632126378011984
decision_type=2 2 2 2 2 2 2
left_child=1 2 4 6 -1 -4 -2
right_child=3 -3 5 -5 -6 -7 -8
leaf_value=4.0017777682448291e-06 0.0013584280219247427 -0.00012602186079947004 0.00050705272143620323 0.00032543904295825323 -9.6917941530313086e-05 0.00078887859051093303 0.0034429415398648045
leaf_weight=498 114 40 75 30 30 71 42
leaf_count=498 114 40 75 30 30 71 42
internal_value=0.000611111 0.000259104 0.000497033 0.00196237 0.000132576 0.00181507 0.0025
internal_weight=900 714 674 186 528 146 156
internal_count=900 714 674 186 528 146 156
is_linear=0
shrinkage=0.05


Tree=109
num_leaves=12
num_cat=0
split_feature=0 0 1 0 1 0 1 1 1 0 0
split_gain=0.209561 0.196374 0.100267 0.0982849 0.220353 0.111828 0.0917563 0.201547 0.084409 0.0485236 5.55112e-17
threshold=3.9010732867721472 3.8060519225252345 3.7671127420727615 4.1904523227632842 4.181975533742567 4.6190744389114418 3.8648207582108625 3.8987588080214599 4.1282995257239801 3.6971664165418048 4.3632126378011984
decision_type=2 2 2 2 2 2 2 2 2 2 2
left_child=1 2 9 4 8 10 -3 -8 -2 -1 -5
right_child=3 6 -4 5 -6 -7 7 -9 -10 -11 -12
leaf_value=9.2927286403590703e-05 0.00011379784321909105 -1.9196159444048683e-05 0.00035300399767892256 0.0012905066208285269 -0.00013339147781442177 0.00030916709081032503 0.0002900630369243109 -0.00014517862044268227 0.00074868483454295645 -0.00019507093897161594 0.0032707944628715814
leaf_weight=53 341 58 48 114 35 30 43 31 70 35 42
leaf_count=53 341 58 48 114 35 30 43 31 70 35 42
internal_value=0.0005 -0.000671642 0.000661765 0.000996835 0.00059417 0.00196237 -0.00204545 -0.000878378 0.000918492 -0.000340909 0.0025
internal_weight=900 268 136 632 446 186 132 74 411 88 156
internal_count=900 268 136 632 446 186 132 74 411 88 156
is_linear=0
shrinkage=0.05


Tree=110
num_leaves=7
num_cat=0
split_feature=0 0 0 0 1 0
split_gain=0.122629 0.145149 0.110108 0.108176 0.0468861 2.77556e-17
threshold=4.2137953883558881 4.17599848242011 4.1206071086832976 4.6190744389114418 3.8199465102801438 4.1473325235365133
decision_type=2 2 2 2 2 2
left_child=1 2 4 -2 -1 -4
right_child=3 -3 5 -5 -6 -7
leaf_value=-3.9669219147769178e-06 0.0024467142087983935 -3.2517435441515291e-05 0.00071350007169623808 0.00029370873626981546 1.5848605040861038e-05 0.00051271354691921926
leaf_weight=132 129 39 33 30 507 30
leaf_count=132 129 39 33 30 507 30
internal_value=0.000611111 0.000340756 0.000505698 0.00187107 0.000309077 0.0025
internal_weight=900 741 702 159 639 63
internal_count=900 741 702 159 639 63
is_linear=0
shrinkage=0.05


Tree=111
num_leaves=7
num_cat=0
split_feature=0 0 0 0 0 0
split_gain=0.133682 0.138626 0.118113 0.108176 0.0517352 2.77556e-17
threshold=4.2137953883558881 4.17599848242011 4.1206071086832976 4.6190744389114418 3.9010732867721472 4.1473325235365133
decision_type=2 2 2 2 2 2
left_child=1 2 4 -2 -1 -4
right_child=3 -3 5 -5 -6 -7
leaf_value=-7.4171608243971619e-08 0.0023243784983584576 -3.0891563669455654e-05 0.00067782506811142618 0.00027902329945632686 0.00010604835208842132 0.00048707786957327166
leaf_weight=268 129 39 33 30 371 30
leaf_count=268 129 39 33 30 371 30
internal_value=0.000555556 0.000273279 0.000434473 0.00187107 0.000230829 0.0025
internal_weight=900 741 702 159 639 63
internal_count=900 741 702 159 639 63
is_linear=0
shrinkage=0.05


Tree=112
num_leaves=7
num_cat=0
split_feature=0 0 0 0 0 0
split_gain=0.133682 0.138626 0.118113 0.108176 0.0517352 2.77556e-17
threshold=4.2137953883558881 4.17599848242011 4.1206071086832976 4.6190744389114418 3.9010732867721472 4.1473325235365133
decision_type=2 2 2 2 2 2
left_child=1 2 4 -2 -1 -4
right_child=3 -3 5 -5 -6 -7
leaf_value=-7.0463027823435489e-08 0.002208159573440525 -2.9346985485967909e-05 0.00064393381470586599 0.00026507213448350163 0.0001007459344840077 0.00046272397609459253
leaf_weight=268 129 39 33 30 371 30
leaf_count=268 129 39 33 30 371 30
internal_value=0.000555556 0.000273279 0.000434473 0.00187107 0.000230829 0.0025
internal_weight=900 741 702 159 639 63
internal_count=900 741 702 159 639 63
is_linear=0
shrinkage=0.05


Tree=113
num_leaves=7
num_cat=0
split_feature=0 0 0 0 0 0
split_gain=0.133682 0.138626 0.118113 0.108176 0.0517352 2.77556e-17
threshold=4.2137953883558881 4.17599848242011 4.1206071086832976 4.6190744389114418 3.9010732867721472 4.1473325235365133
decision_type=2 2 2 2 2 2
left_child=1 2 4 -2 -1 -4
right_child=3 -3 5 -5 -6 -7
leaf_value=-6.6939876430587507e-08 0.0020977515947685136 -2.7879636211658993e-05 0.00061173712397057935 0.00025181852775930659 9.5708637759821407e-05 0.0004395877772898518
leaf_weight=268 129 39 33 30 371 30
leaf_count=268 129 39 33 30 371 30
internal_value=0.000555556 0.000273279 0.000434473 0.00187107 0.000230829 0.0025
internal_weight=900 741 702 159 639 63
internal_count=900 741 702 159 639 63
is_linear=0
shrinkage=0.05


Tree=114
num_leaves=8
num_cat=0
split_feature=0 1 1 0 1 0 1
split_gain=0.157218 0.157538 0.127429 0.108176 0.0926282 0.081946 0.0237037
threshold=4.2137953883558881 4.173185085157189 4.0844636464000574 4.6190744389114418 4.2046283202252681 4.0477153122596219 4.1282995257239801
decision_type=2 2 2 2 2 2 2
left_child=1 2 5 -2 -3 -1 -4
right_child=3 4 6 -5 -6 -7 -8
leaf_value=6.0108613738052368e-07 0.0019928640150300809 -4.0469942732408924e-05 0.00046009261673482646 0.00023922760137136124 5.6446650531939635e-06 -0.00011367951308339419 0.00056630422814115007
leaf_weight=498 129 30 75 30 48 30 60
leaf_count=498 129 30 75 30 48 30 60
internal_value=0.000444445 0.000138327 0.000388386 0.00187107 -0.00198718 3.78789e-05 0.00175926
internal_weight=900 741 663 159 78 528 135
internal_count=900 741 663 159 78 528 135
is_linear=0
shrinkage=0.05


Tree=115
num_leaves=8
num_cat=0
split_feature=0 1 1 0 1 0 1
split_gain=0.157218 0.157538 0.127429 0.108176 0.0926282 0.081946 0.0237037
threshold=4.2137953883558881 4.173185085157189 4.0844636464000574 4.6190744389114418 4.2046283202252681 4.0477153122596219 4.1282995257239801
decision_type=2 2 2 2 2 2 2
left_child=1 2 5 -2 -3 -1 -4
right_child=3 4 6 -5 -6 -7 -8
leaf_value=5.7103183051510008e-07 0.0018932208142785939 -3.8446445595803824e-05 0.00043708798589807272 0.00022726622130280207 5.3624318005220059e-06 -0.00010799553742920265 0.0005379890167340794
leaf_weight=498 129 30 75 30 48 30 60
leaf_count=498 129 30 75 30 48 30 60
internal_value=0.000444445 0.000138327 0.000388386 0.00187107 -0.00198718 3.78789e-05 0.00175926
internal_weight=900 741 663 159 78 528 135
internal_count=900 741 663 159 78 528 135
is_linear=0
shrinkage=0.05


Tree=116
num_leaves=10
num_cat=0
split_feature=0 0 0 0 0 1 0 1 0
split_gain=0.161544 0.0812348 0.0828742 0.0915381 0.0709247 0.103646 0.140526 0.0421879 5.55112e-17
threshold=4.1027519440176565 4.0828996999589497 4.0009670040999188 3.9474798436206497 4.6190744389114418 4.2046283202252681 4.1525388897924058 4.0844636464000574 4.3987493374637685
decision_type=2 2 2 2 2 2 2 2 2
left_child=1 2 3 -1 5 6 -2 -4 -7
right_child=4 -3 7 -5 -6 8 -8 -9 -10
leaf_value=3.9942508171887477e-07 0.00031147649689105845 -0.00017051660158690286 0.00011699770438611148 -2.8484356234461767e-05 0.00021590291023767529 0.0013407420741467051 -3.4970313501407382e-05 0.0010192408485415274 0.0033017679856547134
leaf_weight=344 66 30 108 84 30 134 31 43 30
leaf_count=344 66 30 108 84 30 134 31 43 30
internal_value=0.0005 3.69459e-05 0.000168394 -0.000186916 0.00146907 0.00173372 0.000438144 0.0011755 0.0025
internal_weight=900 609 579 428 291 261 97 151 164
internal_count=900 609 579 428 291 261 97 151 164
is_linear=0
shrinkage=0.05


Tree=117
num_leaves=10
num_cat=0
split_feature=0 0 0 0 0 1 0 1 0
split_gain=0.161544 0.0812348 0.0828742 0.0915381 0.0709247 0.103646 0.140526 0.0421879 5.55112e-17
threshold=4.1027519440176565 4.0828996999589497 4.0009670040999188 3.9474798436206497 4.6190744389114418 4.2046283202252681 4.1525388897924058 4.0844636464000574 4.3987493374637685
decision_type=2 2 2 2 2 2 2 2 2
left_child=1 2 3 -1 5 6 -2 -4 -7
right_child=4 -3 7 -5 -6 8 -8 -9 -10
leaf_value=3.7945382762395548e-07 0.00029590267204651931 -0.00016199077150754948 0.00011114781916681141 -2.7060138422732134e-05 0.00020510776472577598 0.0012737049704393591 -3.3221797826358858e-05 0.00096827880611445561 0.00313667958637196
leaf_weight=344 66 30 108 84 30 134 31 43 30
leaf_count=344 66 30 108 84 30 134 31 43 30
internal_value=0.0005 3.69459e-05 0.000168394 -0.000186916 0.00146907 0.00173372 0.000438144 0.0011755 0.0025
internal_weight=900 609 579 428 291 261 97 151 164
internal_count=900 609 579 428 291 261 97 151 164
is_linear=0
shrinkage=0.05


Tree=118
num_leaves=10
num_cat=0
split_feature=0 0 0 0 0 1 0 1 0
split_gain=0.161544 0.0812348 0.0828742 0.0915381 0.0709247 0.103646 0.140526 0.0421879 5.55112e-17
threshold=4.1027519440176565 4.0828996999589497 4.0009670040999188 3.9474798436206497 4.6190744389114418 4.2046283202252681 4.1525388897924058 4.0844636464000574 4.3987493374637685
decision_type=2 2 2 2 2 2 2 2 2
left_child=1 2 3 -1 5 6 -2 -4 -7
right_child=4 -3 7 -5 -6 8 -8 -9 -10
leaf_value=3.6048113625043551e-07 0.00028110753844417819 -0.00015389123293215934 0.00010559042820845635 -2.5707131501608966e-05 0.00019485237648950716 0.0012100197219173763 -3.1560707935033894e-05 0.00091986486580873075 0.0029798456070533777
leaf_weight=344 66 30 108 84 30 134 31 43 30
leaf_count=344 66 30 108 84 30 134 31 43 30
internal_value=0.0005 3.69459e-05 0.000168394 -0.000186916 0.00146907 0.00173372 0.000438144 0.0011755 0.0025
internal_weight=900 609 579 428 291 261 97 151 164
internal_count=900 609 579 428 291 261 97 151 164
is_linear=0
shrinkage=0.05


Tree=119
num_leaves=11
num_cat=0
split_feature=1 0 0 0 0 0 1 1 1 1
split_gain=0.148778 0.285199 0.107813 0.116736 0.055308 0.108176 0.0843789 0.0628205 0.0553913 0.019407
threshold=3.9843139112300925 3.9474798436206497 3.8721520712207655 3.8060519225252345 4.2137953883558881 4.6190744389114418 4.173185085157189 4.2046283202252681 4.1282995257239801 3.9187362499168028
decision_type=2 2 2 2 2 2 2 2 2 2
left_child=1 2 3 -1 6 -6 8 -8 -2 -4
right_child=4 -3 9 -5 5 -7 7 -9 -10 -11
leaf_value=3.2236473365475467e-05 0.0001346962630482752 -0.00011345547988934808 0.00064757651214301742 -1.5938927152799853e-05 0.0016073364352394354 0.00018510975766501404 -3.1536482352874572e-05 7.7150491155972076e-06 0.00046913582717283828 0.00064944181385720402
leaf_weight=131 235 36 36 95 129 30 30 48 60 70
leaf_count=131 235 36 36 95 129 30 30 48 60 70
internal_value=0.000555556 -0.000217391 0.000240964 -0.000376106 0.00109023 0.00187107 0.000757373 -0.000705128 0.00114407 0.0015566
internal_weight=900 368 332 226 532 159 373 78 295 106
internal_count=900 368 332 226 532 159 373 78 295 106
is_linear=0
shrinkage=0.05


end of trees

feature_importances:
Column_0=459
Column_1=280

parameters:
[boosting: gbdt]
[objective: quantile]
[metric: quantile]
[tree_learner: serial]
[device_type: cpu]
[data_sample_strategy: bagging]
[data: ]
[valid: ]
[num_iterations: 120]
[learning_rate: 0.05]
[num_leaves: 12]
[num_threads: 2]
[seed: 26170]
[deterministic: 0]
[force_col_wise: 0]
[force_row_wise: 0]
[histogram_pool_size: -1]
[max_depth: 4]
[min_data_in_leaf: 30]
[min_sum_hessian_in_leaf: 0.001]
[bagging_fraction: 1]
[pos_bagging_fraction: 1]
[neg_bagging_fraction: 1]
[bagging_freq: 0]
[bagging_seed: 13002]
[bagging_by_query: 0]
[feature_fraction: 1]
[feature_fraction_bynode: 1]
[feature_fraction_seed: 3933]
[extra_trees: 0]
[extra_seed: 13870]
[early_stopping_round: 0]
[early_stopping_min_delta: 0]
[first_metric_only: 0]
[max_delta_step: 0]
[lambda_l1: 0]
[lambda_l2: 0]
[linear_lambda: 0]
[min_gain_to_split: 0]
[drop_rate: 0.1]
[max_drop: 50]
[skip_drop: 0.5]
[xgboost_dart_mode: 0]
[uniform_drop: 0]
[drop_seed: 25549]
[top_rate: 0.2]
[other_rate: 0.1]
[min_data_per_group: 100]
[max_cat_threshold: 32]
[cat_l2: 10]
[cat_smooth: 10]
[max_cat_to_onehot: 4]
[top_k: 20]
[monotone_constraints: ]
[monotone_constraints_method: basic]
[monotone_penalty: 0]
[feature_contri: ]
[forcedsplits_filename: ]
[refit_decay_rate: 0.9]
[cegb_tradeoff: 1]
[cegb_penalty_split: 0]
[cegb_penalty_feature_lazy: ]
[cegb_penalty_feature_coupled: ]
[path_smooth: 0]
[interaction_constraints: ]
[verbosity: -1]
[saved_feature_importance_type: 0]
[use_quantized_grad: 0]
[num_grad_quant_bins: 4]
[quant_train_renew_leaf: 0]
[stochastic_rounding: 1]
[linear_tree: 0]
[max_bin: 255]
[max_bin_by_feature: ]
[min_data_in_bin: 3]
[bin_construct_sample_cnt: 200000]
[data_random_seed: 19962]
[is_enable_sparse: 1]
[enable_bundle: 1]
[use_missing: 1]
[zero_as_missing: 0]
[feature_pre_filter: 1]
[pre_partition: 0]
[two_round: 0]
[header: 0]
[label_column: ]
[weight_column: ]
[group_column: ]
[ignore_column: ]
[categorical_feature: ]
[forcedbins_filename: ]
[precise_float_parser: 0]
[parser_config_file: ]
[objective_seed: 31251]
[num_class: 1]
[is_unbalance: 0]
[scale_pos_weight: 1]
[sigmoid: 1]
[boost_from_average: 1]
[reg_sqrt: 0]
[alpha: 0.05]
[fair_c: 1]
[poisson_max_delta_step: 0.7]
[tweedie_variance_power: 1.5]
[lambdarank_truncation_level: 30]
[lambdarank_norm: 1]
[label_gain: ]
[lambdarank_position_bias_regularization: 0]
[eval_at: ]
[multi_error_top_k: 1]
[auc_mu_weights: ]
[num_machines: 1]
[local_listen_port: 12400]
[time_out: 120]
[machine_list_filename: ]
[machines: ]
[gpu_platform_id: -1]
[gpu_device_id: -1]
[gpu_device_id_list: ]
[gpu_use_dp: 0]
[num_gpu: 1]

end of parameters

pandas_categorical:null
